5,2017,1,1,1,1,0,0,0,0,0,0
6,2024,3,3,1,0,0,1,0,0,1,0
6,2025,3,3,1,0,0,1,0,0,0,0
14,2026,3,2,0,0,0,0,0,1,0,0
21,2021,1,1,1,0,0,0,0,0,0,0
21,2022,1,1,0,0,0,0,0,0,0,0
21,2023,1,1,0,0,0,0,0,0,0,0
23,2024,1,1,0,0,0,0,0,0,0,0
23,2025,1,1,0,0,0,0,0,0,0,0
23,2026,1,1,0,0,0,0,0,0,1,0
32,2022,2,1,0,0,0,0,0,1,0,0
32,2023,1,0,0,0,0,0,1,0,0,0
44,2026,1,1,1,0,0,0,0,0,0,0
49,2024,2,1,0,0,0,0,1,0,0,0
52,2019,1,0,0,0,0,0,0,1,0,0
57,2025,1,1,1,0,0,0,0,0,0,0
69,2025,2,1,0,0,0,0,0,0,0,1
107,2021,4,3,1,0,0,0,1,0,0,0
107,2022,3,3,0,0,0,0,0,0,0,0
107,2023,2,2,1,0,0,0,0,0,0,0
107,2024,1,1,1,0,0,0,0,0,0,0
107,2025,1,1,0,0,0,0,0,0,0,0
112,2021,2,2,2,0,0,1,0,0,0,0
122,2024,1,1,0,0,0,0,0,0,1,0
122,2025,1,1,0,0,0,0,0,0,0,0
126,2020,3,2,0,0,0,0,0,1,0,0
126,2021,6,5,1,0,0,0,0,1,0,0
126,2023,3,3,1,0,0,0,0,0,0,0
126,2025,3,3,1,0,0,0,0,0,0,0
126,2026,6,6,2,0,0,0,0,0,1,0
129,2019,1,1,0,0,0,0,0,0,0,0
130,2026,3,3,1,0,0,0,0,0,1,0
141,2022,1,0,0,0,0,0,1,0,0,0
144,2023,1,1,0,0,0,0,0,0,1,0
145,2021,5,4,3,0,0,1,1,0,0,0
145,2023,1,1,1,0,0,1,0,0,0,0
145,2025,1,1,0,0,0,0,0,0,0,0
155,2021,2,2,1,0,0,0,0,0,0,0
155,2023,1,1,1,1,0,0,0,0,0,0
155,2025,1,1,0,0,0,0,0,0,1,0
162,2019,1,1,1,1,0,0,0,0,0,0
173,2021,2,2,1,0,0,0,0,0,0,0
174,2023,3,3,1,0,0,1,0,0,0,0
174,2025,3,3,0,0,0,0,0,0,0,0
207,2025,1,1,0,0,0,0,0,0,0,0
217,2026,2,2,1,1,0,0,0,0,0,0
222,2025,2,2,1,0,0,0,0,0,0,0
229,2018,1,1,0,0,0,0,0,0,1,0
229,2023,1,0,0,0,0,0,1,0,0,0
229,2025,1,1,0,0,0,0,0,0,1,0
243,2023,1,1,0,0,0,0,0,0,0,0
263,2019,3,3,2,0,0,0,0,0,0,0
268,2020,2,2,1,0,0,0,0,0,0,0
268,2024,2,2,0,0,0,0,0,0,0,0
273,2026,1,1,0,0,0,0,0,0,1,0
276,2024,1,1,0,0,0,0,0,0,0,0
276,2025,1,1,0,0,0,0,0,0,0,0
276,2026,1,1,0,0,0,0,0,0,0,0
293,2023,1,1,1,0,0,0,0,0,0,0
299,2023,3,3,0,0,0,0,0,0,0,0
299,2024,3,3,0,0,0,0,0,0,0,0
299,2025,2,2,0,0,0,0,0,0,1,0
300,2019,2,2,0,0,0,0,0,0,0,0
309,2019,1,1,0,0,0,0,0,0,1,0
343,2022,2,0,0,0,0,0,2,0,0,0
359,2021,2,2,1,0,0,0,0,0,0,0
369,2020,1,1,0,0,0,0,0,0,0,0
369,2021,1,1,0,0,0,0,0,0,1,0
369,2024,1,1,0,0,0,0,0,0,0,0
369,2025,1,1,0,0,0,0,0,0,1,0
383,2024,3,2,1,0,0,0,1,0,1,0
383,2026,3,3,1,0,0,0,0,0,1,0
401,2025,2,2,0,0,0,0,0,0,1,0
408,2024,3,3,1,0,0,0,0,0,0,0
408,2025,1,1,0,0,0,0,0,0,0,0
408,2026,3,3,0,0,0,0,0,0,0,0
449,2020,1,0,0,0,0,0,1,0,0,0
450,2026,3,2,0,0,0,0,0,1,1,0
453,2024,1,0,0,0,0,0,1,0,0,0
470,2025,1,1,0,0,0,0,0,0,1,0
470,2026,2,2,0,0,0,0,0,0,0,0
471,2026,2,0,0,0,0,0,2,0,0,0
491,2018,1,1,0,0,0,0,0,0,0,0
500,2018,1,1,1,1,0,0,0,0,0,0
500,2019,1,1,0,0,0,0,0,0,0,0
513,2022,4,3,2,0,0,0,1,0,1,0
513,2023,2,1,0,0,0,0,1,0,0,0
513,2025,1,1,1,0,0,0,0,0,0,0
557,2022,1,0,0,0,0,0,1,0,0,0
557,2023,1,1,0,0,0,0,0,0,0,0
557,2026,2,1,0,0,0,0,0,1,0,0
570,2024,2,2,0,0,0,0,0,0,1,0
570,2025,1,1,1,0,0,1,0,0,0,0
570,2026,1,1,0,0,0,0,0,0,0,0
579,2019,2,1,0,0,0,0,1,0,0,0
612,2022,1,1,0,0,0,0,0,0,0,0
614,2019,3,3,1,0,0,1,0,0,0,0
614,2021,1,1,0,0,0,0,0,0,0,0
614,2022,1,1,0,0,0,0,0,0,0,0
614,2023,1,1,0,0,0,0,0,0,0,0
614,2024,1,1,1,0,0,0,0,0,0,0
622,2017,2,2,0,0,0,0,0,0,2,0
626,2022,1,1,1,0,0,0,0,0,0,0
629,2018,1,0,0,0,0,0,1,0,0,0
629,2019,2,2,1,0,0,1,0,0,0,0
629,2020,1,1,0,0,0,0,0,0,0,0
629,2021,4,4,0,0,0,0,0,0,1,0
630,2026,3,3,1,0,0,1,0,0,0,0
647,2023,2,2,2,0,0,0,0,0,0,0
652,2022,1,1,0,0,0,0,0,0,1,0
680,2020,3,3,0,0,0,0,0,0,1,0
680,2021,1,1,1,0,0,0,0,0,0,0
680,2023,1,1,0,0,0,0,0,0,1,0
682,2026,3,3,0,0,0,0,0,0,0,0
683,2023,6,5,0,0,0,0,1,0,1,0
683,2024,6,6,2,0,0,0,0,0,1,0
683,2025,6,5,0,0,0,0,1,0,2,0
683,2026,3,3,0,0,0,0,0,0,0,0
716,2023,2,2,1,0,0,0,0,0,0,0
721,2022,3,3,0,0,0,0,0,0,0,0
721,2023,3,3,1,0,0,0,0,0,1,0
721,2025,2,0,0,0,0,0,2,0,0,0
730,2026,6,6,2,0,0,0,0,0,2,0
731,2022,1,0,0,0,0,0,0,1,0,0
731,2023,1,1,0,0,0,0,0,0,1,0
731,2024,1,1,0,0,0,0,0,0,0,0
731,2025,2,2,1,0,0,0,0,0,1,0
731,2026,4,4,2,0,0,0,0,0,1,0
747,2021,1,1,0,0,0,0,0,0,0,0
758,2017,3,2,1,1,0,0,0,1,1,0
769,2023,3,3,2,1,0,0,0,0,0,0
769,2025,1,1,1,0,0,0,0,0,0,0
773,2025,1,1,0,0,0,0,0,0,1,0
773,2026,2,1,0,0,0,0,1,0,0,0
777,2022,1,1,1,1,0,0,0,0,0,0
778,2025,1,1,0,0,0,0,0,0,0,0
783,2026,1,1,1,0,0,0,0,0,0,0
801,2022,6,4,3,2,0,0,1,1,0,0
801,2023,3,3,2,0,0,0,0,0,1,0
801,2024,6,5,0,0,0,0,0,1,0,0
801,2025,6,6,3,0,0,0,0,0,0,0
804,2017,2,2,1,0,0,0,0,0,0,0
829,2025,2,2,2,1,0,1,0,0,0,0
844,2021,1,1,1,0,0,0,0,0,0,0
844,2024,2,2,0,0,0,0,0,0,0,0
844,2025,1,1,0,0,0,0,0,0,0,0
844,2026,2,2,0,0,0,0,0,0,0,0
885,2021,1,1,0,0,0,0,0,0,0,0
891,2023,2,2,0,0,0,0,0,0,0,0
891,2025,2,1,0,0,0,0,1,0,0,0
904,2021,3,3,0,0,0,0,0,0,0,0
904,2022,6,6,2,0,0,0,0,0,0,0
904,2023,3,3,0,0,0,0,0,0,0,0
904,2024,6,5,4,2,0,1,1,0,0,0
904,2025,5,4,1,0,0,0,1,0,0,0
927,2019,3,2,1,0,0,0,1,0,0,0
939,2018,1,1,1,0,0,0,0,0,0,0
940,2023,3,3,1,0,0,0,0,0,0,0
940,2025,7,7,2,1,0,1,0,0,1,0
940,2026,7,7,3,1,0,0,0,0,3,0
943,2023,1,1,1,0,0,0,0,0,0,0
946,2024,3,2,0,0,0,0,1,0,1,0
946,2025,2,2,0,0,0,0,0,0,1,0
947,2022,4,4,1,0,0,0,0,0,1,0
947,2025,3,2,0,0,0,0,1,0,1,0
947,2026,6,6,3,0,0,0,0,0,1,0
948,2023,3,2,1,0,0,0,1,0,0,0
968,2023,1,1,0,0,0,0,0,0,0,0
968,2024,2,2,0,0,0,0,0,0,1,0
968,2025,1,1,0,0,0,0,0,0,0,0
968,2026,2,2,2,0,0,0,0,0,0,0
986,2022,5,3,1,0,0,0,2,0,0,0
986,2025,1,1,1,0,0,0,0,0,0,0
986,2026,2,2,0,0,0,0,0,0,1,0
989,2023,3,3,2,1,0,0,0,0,0,0
1018,2023,1,1,1,0,0,0,0,0,0,0
1018,2024,6,6,1,0,0,0,0,0,2,0
1018,2026,2,2,1,0,0,0,0,0,0,0
1032,2017,1,1,0,0,0,0,0,0,0,0
1036,2024,1,0,0,0,0,0,1,0,0,0
1036,2025,3,3,1,0,0,1,0,0,0,0
1036,2026,2,1,0,0,0,0,0,0,0,1
1046,2026,1,1,0,0,0,0,0,0,0,0
1087,2017,2,2,0,0,0,0,0,0,0,0
1088,2023,1,1,1,0,0,0,0,0,0,0
1088,2024,1,1,0,0,0,0,0,0,1,0
1119,2024,2,2,0,0,0,0,0,0,0,0
1140,2020,2,0,0,0,0,0,2,0,0,0
1140,2021,1,1,1,0,0,0,0,0,0,0
1140,2025,1,1,0,0,0,0,0,0,0,0
1145,2017,1,1,0,0,0,0,0,0,0,0
1200,2019,1,1,0,0,0,0,0,0,1,0
1200,2020,1,1,1,0,0,0,0,0,0,0
1200,2022,3,1,0,0,0,0,2,0,0,0
1204,2017,6,6,2,0,0,0,0,0,1,0
1204,2018,2,1,0,0,0,0,1,0,0,0
1204,2025,3,2,0,0,0,0,1,0,0,0
1210,2024,3,2,1,0,0,0,1,0,1,0
1216,2017,1,1,0,0,0,0,0,0,0,0
1216,2019,1,1,0,0,0,0,0,0,0,0
1216,2021,1,1,0,0,0,0,0,0,0,0
1229,2022,6,6,4,1,0,0,0,0,1,0
1229,2023,9,8,2,0,0,0,1,0,3,0
1229,2024,6,5,2,0,1,0,1,0,0,0
1229,2026,9,8,2,1,0,1,1,0,0,0
1238,2026,3,3,1,0,0,0,0,0,0,0
1257,2023,1,1,0,0,0,0,0,0,0,0
1258,2019,1,1,0,0,0,0,0,0,0,0
1258,2020,2,2,1,0,0,0,0,0,1,0
1258,2022,2,2,0,0,0,0,0,0,0,0
1258,2024,1,1,0,0,0,0,0,0,0,0
1269,2024,1,1,0,0,0,0,0,0,1,0
1274,2024,1,1,0,0,0,0,0,0,1,0
1284,2021,2,2,0,0,0,0,0,0,1,0
1296,2019,2,2,1,0,0,0,0,0,0,0
1296,2020,1,1,0,0,0,0,0,0,0,0
1303,2020,1,1,1,0,0,0,0,0,0,0
1303,2022,1,1,1,0,0,0,0,0,0,0
1311,2022,3,3,2,0,0,0,0,0,0,0
1311,2023,1,1,1,0,0,0,0,0,0,0
1311,2024,1,1,0,0,0,0,0,0,0,0
1333,2023,5,5,2,0,0,1,0,0,1,0
1337,2019,4,4,1,0,0,0,0,0,2,0
1337,2020,1,1,0,0,0,0,0,0,0,0
1337,2021,1,0,0,0,0,0,1,0,0,0
1348,2025,1,1,0,0,0,0,0,0,0,0
1348,2026,1,1,0,0,0,0,0,0,0,0
1355,2019,1,1,0,0,0,0,0,0,1,0
1379,2026,1,1,0,0,0,0,0,0,0,0
1394,2022,1,1,0,0,0,0,0,0,1,0
1394,2023,6,6,0,0,0,0,0,0,3,0
1394,2025,6,6,1,0,0,0,0,0,0,0
1443,2023,2,1,1,1,0,0,1,0,0,0
1443,2026,1,1,0,0,0,0,0,0,0,0
1474,2022,6,5,4,2,0,1,1,0,0,0
1474,2025,3,3,3,1,0,0,0,0,0,0
1477,2019,6,6,0,0,0,0,0,0,1,0
1481,2017,1,1,0,0,0,0,0,0,0,0
1496,2025,9,9,2,0,0,1,0,0,0,0
1496,2026,3,3,1,1,0,0,0,0,1,0
1515,2019,1,1,0,0,0,0,0,0,0,0
1515,2021,2,2,0,0,0,0,0,0,0,0
1515,2022,2,2,2,1,0,0,0,0,0,0
1515,2023,1,0,0,0,0,0,1,0,0,0
1518,2019,3,1,1,0,0,0,1,0,0,1
1518,2022,3,3,2,0,0,0,0,0,0,0
1528,2024,1,0,0,0,0,0,1,0,0,0
1536,2026,1,1,1,0,0,0,0,0,0,0
1541,2022,2,2,1,0,0,0,0,0,0,0
1541,2024,1,1,0,0,0,0,0,0,0,0
1541,2025,1,1,0,0,0,0,0,0,0,0
1551,2025,6,4,2,0,0,1,2,0,0,0
1551,2026,3,1,0,0,0,0,2,0,0,0
1562,2024,6,6,2,0,0,0,0,0,0,0
1562,2025,3,3,2,1,0,0,0,0,1,0
1563,2026,3,3,0,0,0,0,0,0,1,0
1578,2021,1,1,1,0,0,0,0,0,0,0
1594,2018,1,1,0,0,0,0,0,0,0,0
1599,2022,1,0,0,0,0,0,1,0,0,0
1623,2025,2,2,2,0,1,0,0,0,0,0
1624,2019,1,1,0,0,0,0,0,0,0,0
1648,2023,2,2,1,1,0,0,0,0,0,0
1648,2024,3,3,0,0,0,0,0,0,3,0
1651,2024,1,1,1,1,0,0,0,0,0,0
1701,2025,3,2,0,0,0,0,1,0,0,0
1701,2026,6,5,3,0,0,0,1,0,0,0
1716,2023,2,1,0,0,0,0,1,0,0,0
1728,2021,1,1,0,0,0,0,0,0,0,0
1751,2019,3,3,1,0,0,0,0,0,1,0
1751,2021,3,3,1,0,0,0,0,0,1,0
1751,2023,4,2,0,0,0,0,2,0,1,0
1751,2024,3,3,1,0,0,0,0,0,0,0
1751,2026,1,1,0,0,0,0,0,0,1,0
1752,2025,3,3,1,0,0,1,0,0,1,0
1756,2023,4,4,1,1,0,0,0,0,0,0
1756,2024,4,3,1,0,0,0,1,0,2,0
1756,2025,1,1,1,0,0,0,0,0,0,0
1756,2026,3,1,0,0,0,0,0,2,1,0
1760,2024,2,2,1,0,0,0,0,0,0,0
1760,2026,3,3,0,0,0,0,0,0,2,0
1794,2021,1,0,0,0,0,0,1,0,0,0
1814,2019,3,3,0,0,0,0,0,0,0,0
1820,2024,3,3,2,1,0,0,0,0,0,0
1820,2025,5,5,3,1,0,0,0,0,1,0
1858,2019,2,2,0,0,0,0,0,0,2,0
1867,2025,1,1,0,0,0,0,0,0,0,0
1875,2021,2,2,0,0,0,0,0,0,1,0
1883,2018,1,1,1,0,0,0,0,0,0,0
1883,2022,1,0,0,0,0,0,1,0,0,0
1905,2022,3,3,1,1,0,0,0,0,1,0
1905,2023,3,3,0,0,0,0,0,0,0,0
1905,2024,6,6,1,0,0,1,0,0,0,0
1905,2025,2,2,1,0,0,0,0,0,0,0
1905,2026,3,3,0,0,0,0,0,0,0,0
1908,2018,1,1,0,0,0,0,0,0,0,0
1908,2019,2,1,1,0,0,0,1,0,0,0
1908,2020,1,1,1,0,0,0,0,0,0,0
1908,2021,1,1,0,0,0,0,0,0,0,0
1908,2022,1,1,0,0,0,0,0,0,0,0
1908,2023,1,1,0,0,0,0,0,0,0,0
1909,2022,4,4,2,0,0,1,0,0,0,0
1935,2026,2,1,1,0,0,0,1,0,0,0
1937,2019,2,1,0,0,0,0,1,0,0,0
1937,2022,5,3,0,0,0,0,2,0,0,0
1937,2023,6,5,3,0,0,0,1,0,0,0
1937,2024,3,1,0,0,0,0,2,0,0,0
1937,2025,3,3,0,0,0,0,0,0,1,0
1937,2026,6,6,0,0,0,0,0,0,0,0
1941,2025,3,3,2,1,0,0,0,0,0,0
1966,2019,3,3,0,0,0,0,0,0,0,0
1966,2020,3,3,1,0,0,1,0,0,2,0
1966,2021,1,1,0,0,0,0,0,0,1,0
1974,2017,1,1,1,0,0,0,0,0,0,0
1974,2022,1,1,0,0,0,0,0,0,0,0
1985,2026,3,3,0,0,0,0,0,0,0,0
1991,2019,2,2,1,0,0,0,0,0,0,0
1991,2021,1,0,0,0,0,0,1,0,0,0
1991,2022,1,1,0,0,0,0,0,0,0,0
1991,2024,1,1,1,1,0,0,0,0,0,0
1991,2026,1,0,0,0,0,0,1,0,0,0
2006,2021,3,2,0,0,0,0,1,0,0,0
2011,2019,3,3,2,2,0,0,0,0,0,0
2011,2022,2,2,1,1,0,0,0,0,0,0
2011,2024,1,1,0,0,0,0,0,0,1,0
2072,2025,1,1,1,1,0,0,0,0,0,0
2079,2021,3,3,1,1,0,0,0,0,0,0
2079,2022,1,0,0,0,0,0,1,0,0,0
2079,2024,3,3,0,0,0,0,0,0,0,0
2089,2021,1,1,1,0,0,0,0,0,0,0
2090,2021,1,0,0,0,0,0,1,0,0,0
2090,2022,1,1,0,0,0,0,0,0,0,0
2090,2024,1,1,0,0,0,0,0,0,0,0
2124,2019,3,3,2,1,0,0,0,0,0,0
2124,2022,1,1,0,0,0,0,0,0,0,0
2124,2023,2,2,2,0,0,0,0,0,0,0
2124,2025,1,1,0,0,0,0,0,0,0,0
2127,2021,1,1,0,0,0,0,0,0,0,0
2127,2022,1,1,0,0,0,0,0,0,0,0
2127,2023,2,2,1,1,0,0,0,0,0,0
2129,2021,1,1,0,0,0,0,0,0,0,0
2134,2021,1,1,1,0,0,0,0,0,0,0
2152,2024,2,2,0,0,0,0,0,0,0,0
2175,2018,3,3,0,0,0,0,0,0,1,0
2175,2020,2,2,0,0,0,0,0,0,0,0
2175,2021,2,1,0,0,0,0,1,0,0,0
2181,2021,1,1,0,0,0,0,0,0,0,0
2204,2020,2,1,1,0,0,0,1,0,0,0
2210,2022,2,1,0,0,0,0,1,0,1,0
2212,2019,3,3,2,0,0,1,0,0,1,0
2212,2020,9,9,3,0,0,0,0,0,2,0
2212,2021,12,12,5,1,0,0,0,0,3,0
2212,2022,12,11,2,1,0,0,1,0,1,0
2212,2023,12,9,2,0,0,1,3,0,2,0
2212,2026,6,6,3,1,0,0,0,0,1,0
2219,2019,1,1,1,0,0,0,0,0,0,0
2236,2019,1,1,0,0,0,0,0,0,0,0
2286,2022,3,3,0,0,0,0,0,0,0,0
2286,2023,3,1,0,0,0,0,2,0,0,0
2305,2021,1,0,0,0,0,0,1,0,0,0
2322,2017,2,2,0,0,0,0,0,0,0,0
2322,2021,3,2,1,0,0,0,1,0,0,0
2322,2023,3,3,1,0,0,0,0,0,0,0
2322,2024,3,3,1,1,0,0,0,0,1,0
2322,2026,8,8,2,0,0,1,0,0,0,0
2335,2023,2,2,0,0,0,0,0,0,0,0
2368,2019,5,5,2,1,0,1,0,0,1,0
2368,2021,4,4,0,0,0,0,0,0,1,0
2368,2022,13,12,4,2,0,0,1,0,0,0
2368,2023,3,3,2,0,0,1,0,0,0,0
2368,2024,9,9,6,3,0,1,0,0,0,0
2388,2022,1,1,0,0,0,0,0,0,0,0
2388,2024,1,1,0,0,0,0,0,0,0,0
2393,2023,1,1,1,0,0,0,0,0,0,0
2393,2024,1,1,0,0,0,0,0,0,0,0
2396,2018,5,5,3,0,0,0,0,0,1,0
2396,2020,1,1,0,0,0,0,0,0,0,0
2404,2023,2,2,1,0,0,0,0,0,0,0
2437,2022,5,5,1,0,0,0,0,0,0,0
2437,2023,6,4,0,0,0,0,2,0,1,0
2437,2024,6,4,4,1,0,0,2,0,0,0
2449,2022,1,1,0,0,0,0,0,0,0,0
2456,2024,3,3,0,0,0,0,0,0,0,0
2459,2023,1,1,0,0,0,0,0,0,1,0
2460,2021,1,1,0,0,0,0,0,0,0,0
2460,2025,7,6,3,1,0,1,1,0,1,0
2467,2024,2,2,1,0,0,0,0,0,0,0
2497,2023,1,1,1,0,0,0,0,0,0,0
2497,2024,2,1,1,0,0,0,1,0,0,0
2497,2025,3,2,0,0,0,0,1,0,0,0
2497,2026,2,2,2,1,0,0,0,0,0,0
2513,2025,1,1,0,0,0,0,0,0,0,0
2513,2026,1,0,0,0,0,0,1,0,0,0
2518,2023,1,1,1,0,0,0,0,0,0,0
2518,2026,1,1,0,0,0,0,0,0,0,0
2527,2017,1,1,1,0,0,0,0,0,0,0
2547,2023,6,6,2,1,0,0,0,0,0,0
2547,2024,1,1,0,0,0,0,0,0,0,0
2552,2021,1,1,0,0,0,0,0,0,0,0
2589,2018,1,1,1,0,0,0,0,0,0,0
2589,2022,2,1,1,0,0,0,1,0,0,0
2606,2017,3,3,1,1,0,0,0,0,1,0
2606,2023,3,3,0,0,0,0,0,0,0,0
2625,2021,1,0,0,0,0,0,1,0,0,0
2625,2022,3,3,1,0,0,0,0,0,0,0
2687,2022,3,3,0,0,0,0,0,0,0,0
2690,2021,1,0,0,0,0,0,1,0,0,0
2692,2023,3,3,2,1,0,0,0,0,0,0
2728,2021,1,0,0,0,0,0,1,0,0,0
2731,2025,3,3,0,0,0,0,0,0,0,0
2731,2026,3,3,0,0,0,0,0,0,0,0
2743,2022,1,1,0,0,0,0,0,0,0,0
2754,2017,1,1,0,0,0,0,0,0,0,0
2776,2017,1,1,0,0,0,0,0,0,1,0
2782,2022,1,1,0,0,0,0,0,0,0,0
2782,2026,2,2,0,0,0,0,0,0,1,0
2790,2025,1,1,0,0,0,0,0,0,0,0
2844,2022,4,4,0,0,0,0,0,0,0,0
2844,2023,3,2,0,0,0,0,1,0,0,0
2844,2024,3,3,2,1,0,0,0,0,0,0
2844,2025,1,1,1,0,0,1,0,0,0,0
2844,2026,3,3,2,0,0,1,0,0,1,0
2847,2021,1,1,0,0,0,0,0,0,1,0
2850,2019,1,1,0,0,0,0,0,0,0,0
2868,2022,1,1,0,0,0,0,0,0,1,0
2868,2025,1,1,0,0,0,0,0,0,1,0
2914,2018,2,2,1,0,1,0,0,0,1,0
2914,2021,4,3,1,0,0,0,1,0,2,0
2914,2022,4,4,4,1,0,1,0,0,0,0
2914,2023,1,1,0,0,0,0,0,0,1,0
2941,2021,2,2,0,0,0,0,0,0,0,0
2956,2025,1,0,0,0,0,0,1,0,0,0
2957,2021,3,3,0,0,0,0,0,0,0,0
2957,2026,2,2,0,0,0,0,0,0,0,0
2968,2020,1,1,0,0,0,0,0,0,0,0
2968,2021,3,3,1,0,0,0,0,0,0,0
2977,2024,1,1,0,0,0,0,0,0,0,0
2977,2025,3,2,0,0,0,0,1,0,1,0
2977,2026,3,3,1,0,0,0,0,0,0,0
3004,2026,3,3,0,0,0,0,0,0,0,0
3022,2023,1,1,0,0,0,0,0,0,0,0
3059,2026,1,1,0,0,0,0,0,0,0,0
3060,2025,1,0,0,0,0,0,1,0,0,0
3073,2017,2,2,0,0,0,0,0,0,0,0
3073,2018,1,1,1,0,0,0,0,0,0,0
3073,2019,3,3,0,0,0,0,0,0,0,0
3073,2021,3,3,0,0,0,0,0,0,2,0
3080,2017,2,2,1,0,0,0,0,0,1,0
3080,2021,1,1,0,0,0,0,0,0,0,0
3080,2022,1,1,0,0,0,0,0,0,0,0
3104,2021,2,2,0,0,0,0,0,0,1,0
3104,2023,4,4,1,0,0,0,0,0,1,0
3104,2024,3,3,0,0,0,0,0,0,2,0
3126,2022,2,2,1,0,0,0,0,0,1,0
3126,2024,1,1,0,0,0,0,0,0,0,0
3126,2025,1,1,0,0,0,0,0,0,1,0
3126,2026,1,1,0,0,0,0,0,0,0,0
3154,2017,2,2,1,0,0,0,0,0,0,0
3154,2019,1,1,0,0,0,0,0,0,0,0
3158,2025,2,1,0,0,0,0,1,0,0,0
3158,2026,6,4,1,0,0,1,1,1,2,0
3205,2022,1,1,0,0,0,0,0,0,0,0
3206,2024,6,6,2,0,0,1,0,0,3,0
3206,2025,4,4,1,0,0,0,0,0,0,0
3220,2025,1,1,1,0,0,1,0,0,0,0
3225,2023,3,3,2,0,0,1,0,0,0,0
3225,2025,3,3,2,0,0,0,0,0,1,0
3280,2025,1,1,0,0,0,0,0,0,0,0
3280,2026,1,1,1,1,0,0,0,0,0,0
3286,2018,3,3,1,0,0,0,0,0,0,0
3286,2019,1,1,1,0,0,0,0,0,0,0
3286,2020,3,3,0,0,0,0,0,0,0,0
3286,2021,3,3,0,0,0,0,0,0,2,0
3286,2022,2,2,0,0,0,0,0,0,1,0
3286,2023,7,6,0,0,0,0,1,0,0,0
3286,2024,6,5,2,0,0,0,1,0,1,0
3291,2023,1,0,0,0,0,0,1,0,0,0
3291,2025,2,2,1,0,0,0,0,0,0,0
3291,2026,1,1,1,0,0,0,0,0,0,0
3316,2019,3,3,1,0,0,0,0,0,0,0
3325,2021,1,1,1,0,0,0,0,0,0,0
3336,2019,1,1,0,0,0,0,0,0,0,0
3336,2023,2,2,2,0,0,0,0,0,0,0
3336,2024,1,1,1,0,0,0,0,0,0,0
3338,2024,6,6,2,1,0,0,0,0,1,0
3344,2025,2,2,1,0,0,0,0,0,0,0
3346,2026,1,1,0,0,0,0,0,0,0,0
3360,2021,1,1,0,0,0,0,0,0,1,0
3361,2025,3,1,0,0,0,0,2,0,1,0
3379,2022,3,2,0,0,0,0,1,0,0,0
3379,2024,1,0,0,0,0,0,1,0,0,0
3384,2026,1,1,1,0,0,0,0,0,0,0
3391,2026,1,1,0,0,0,0,0,0,0,0
3394,2021,1,1,1,1,0,0,0,0,0,0
3394,2022,1,1,1,0,0,0,0,0,0,0
3404,2017,4,4,0,0,0,0,0,0,1,0
3404,2018,1,1,0,0,0,0,0,0,0,0
3404,2019,1,1,1,0,0,0,0,0,0,0
3404,2023,1,0,0,0,0,0,1,0,0,0
3404,2024,1,1,0,0,0,0,0,0,0,0
3411,2017,1,0,0,0,0,0,1,0,0,0
3416,2026,4,3,0,0,0,0,1,0,0,0
3422,2024,1,0,0,0,0,0,1,0,0,0
3422,2025,2,1,0,0,0,0,1,0,0,0
3422,2026,1,1,1,0,0,0,0,0,0,0
3428,2024,7,7,1,0,0,0,0,0,3,0
3428,2026,3,3,0,0,0,0,0,0,2,0
3438,2021,1,1,0,0,0,0,0,0,1,0
3444,2024,3,3,0,0,0,0,0,0,1,0
3444,2025,3,3,1,1,0,0,0,0,0,0
3447,2023,1,0,0,0,0,0,1,0,0,0
3447,2024,2,2,1,1,0,0,0,0,1,0
3447,2025,2,2,0,0,0,0,0,0,0,0
3449,2025,1,0,0,0,0,0,1,0,0,0
3475,2017,2,2,1,0,0,0,0,0,1,0
3476,2026,2,2,2,0,0,0,0,0,0,0
3481,2022,1,1,1,0,0,0,0,0,0,0
3498,2019,3,3,0,0,0,0,0,0,1,0
3523,2023,1,1,1,0,0,1,0,0,0,0
3523,2026,1,1,1,0,0,0,0,0,0,0
3535,2025,2,2,1,0,0,0,0,0,0,0
3535,2026,5,4,1,0,0,0,1,0,1,0
3546,2017,3,3,0,0,0,0,0,0,1,0
3557,2023,3,3,1,0,0,0,0,0,2,0
3557,2024,3,3,1,0,0,0,0,0,0,0
3557,2025,5,4,2,0,0,1,0,1,0,0
3557,2026,3,2,0,0,0,0,1,0,1,0
3574,2021,3,3,1,0,0,0,0,0,0,0
3574,2022,3,3,2,0,0,0,0,0,0,0
3574,2024,6,5,2,1,0,0,1,0,2,0
3580,2021,1,1,0,0,0,0,0,0,1,0
3580,2022,1,1,1,0,0,0,0,0,0,0
3580,2024,2,2,1,1,0,0,0,0,1,0
3597,2026,1,1,0,0,0,0,0,0,0,0
3598,2018,1,0,0,0,0,0,1,0,0,0
3602,2021,1,1,0,0,0,0,0,0,0,0
3602,2022,1,1,0,0,0,0,0,0,0,0
3602,2023,1,1,0,0,0,0,0,0,0,0
3655,2022,1,1,0,0,0,0,0,0,0,0
3701,2018,1,1,1,0,0,0,0,0,0,0
3724,2019,3,2,0,0,0,0,1,0,2,0
3724,2025,3,3,1,0,0,0,0,0,0,0
3749,2020,3,2,0,0,0,0,1,0,1,0
3749,2021,3,3,2,0,0,0,0,0,0,0
3749,2025,9,8,1,0,0,0,0,1,1,0
3749,2026,7,7,1,0,0,0,0,0,1,0
3758,2017,1,1,0,0,0,0,0,0,0,0
3758,2019,1,0,0,0,0,0,1,0,0,0
3760,2018,1,1,0,0,0,0,0,0,0,0
3760,2020,2,1,0,0,0,0,1,0,0,0
3760,2022,1,0,0,0,0,0,1,0,0,0
3766,2026,1,1,0,0,0,0,0,0,1,0
3773,2023,6,5,0,0,0,0,1,0,0,0
3784,2017,1,1,0,0,0,0,0,0,0,0
3784,2019,2,2,1,0,0,0,0,0,0,0
3784,2025,2,2,0,0,0,0,0,0,1,0
3785,2021,2,2,1,0,0,0,0,0,0,0
3785,2022,2,1,1,0,0,0,1,0,0,0
3785,2023,1,1,0,0,0,0,0,0,1,0
3785,2025,1,1,0,0,0,0,0,0,0,0
3785,2026,2,2,2,0,0,0,0,0,0,0
3788,2025,1,1,0,0,0,0,0,0,0,0
3791,2021,2,2,0,0,0,0,0,0,0,0
3803,2024,3,3,0,0,0,0,0,0,1,0
3803,2025,2,2,1,0,0,0,0,0,0,0
3803,2026,1,1,0,0,0,0,0,0,0,0
3806,2022,2,1,1,0,0,0,1,0,0,0
3806,2025,1,1,0,0,0,0,0,0,0,0
3827,2023,1,1,0,0,0,0,0,0,0,0
3834,2018,2,2,0,0,0,0,0,0,0,0
3835,2023,3,3,1,0,0,0,0,0,0,0
3835,2024,3,3,2,0,0,0,0,0,0,0
3835,2026,3,2,1,1,0,0,1,0,0,0
3859,2022,2,1,0,0,0,0,1,0,0,0
3865,2024,1,0,0,0,0,0,1,0,0,0
3878,2017,3,1,1,0,0,0,2,0,0,0
3889,2019,1,1,1,0,0,0,0,0,0,0
3889,2024,1,1,0,0,0,0,0,0,0,0
3891,2022,3,2,0,0,0,0,1,0,0,0
3891,2023,3,2,0,0,0,0,1,0,1,0
3897,2017,3,1,0,0,0,0,2,0,0,0
3904,2026,2,2,0,0,0,0,0,0,1,0
3905,2022,1,1,0,0,0,0,0,0,0,0
3906,2025,1,1,1,0,0,0,0,0,0,0
3909,2022,3,3,1,0,0,0,0,0,0,0
3909,2023,1,1,0,0,0,0,0,0,1,0
3909,2024,2,1,0,0,0,0,1,0,0,0
3935,2024,2,2,0,0,0,0,0,0,0,0
3950,2021,1,1,0,0,0,0,0,0,0,0
3950,2025,1,1,1,0,0,0,0,0,0,0
3952,2021,1,1,0,0,0,0,0,0,0,0
3968,2022,6,5,2,0,0,1,1,0,2,0
3968,2024,5,5,3,0,0,0,0,0,2,0
3968,2025,3,2,2,0,0,0,1,0,0,0
3968,2026,9,9,1,0,0,0,0,0,1,0
3969,2019,1,1,0,0,0,0,0,0,1,0
3969,2020,2,0,0,0,0,0,2,0,0,0
3998,2019,6,6,2,0,0,1,0,0,1,0
3998,2021,5,5,1,0,0,0,0,0,1,0
3998,2022,7,5,2,2,0,0,2,0,1,0
3998,2023,8,6,3,1,0,0,1,1,0,0
4018,2021,1,1,0,0,0,0,0,0,0,0
4018,2023,1,1,0,0,0,0,0,0,0,0
4026,2025,2,2,1,0,0,0,0,0,0,0
4029,2017,3,3,1,0,0,0,0,0,0,0
4029,2021,5,4,2,0,0,0,1,0,0,0
4029,2023,6,5,1,0,0,0,1,0,2,0
4029,2024,3,3,1,0,0,0,0,0,0,0
4042,2024,6,6,0,0,0,0,0,0,1,0
4042,2026,3,2,1,0,0,1,1,0,0,0
4047,2021,3,3,0,0,0,0,0,0,1,0
4047,2022,6,4,2,0,0,0,2,0,0,0
4047,2024,3,3,1,0,0,0,0,0,0,0
4047,2026,7,7,1,1,0,0,0,0,0,0
4051,2026,1,1,1,1,0,0,0,0,0,0
4055,2019,1,1,0,0,0,0,0,0,1,0
4063,2022,1,1,0,0,0,0,0,0,0,0
4063,2025,1,1,0,0,0,0,0,0,0,0
4072,2026,1,1,0,0,0,0,0,0,1,0
4073,2025,3,3,0,0,0,0,0,0,2,0
4077,2019,3,3,0,0,0,0,0,0,1,0
4077,2021,6,5,1,0,0,1,1,0,2,0
4077,2022,3,2,1,0,0,0,1,0,0,0
4077,2023,6,6,2,2,0,0,0,0,0,0
4077,2025,3,3,1,0,0,0,0,0,0,0
4080,2025,3,3,2,1,0,0,0,0,1,0
4087,2017,1,1,0,0,0,0,0,0,1,0
4087,2019,2,2,0,0,0,0,0,0,1,0
4087,2020,1,0,0,0,0,0,1,0,0,0
4110,2019,1,1,0,0,0,0,0,0,0,0
4110,2020,3,3,2,0,0,0,0,0,0,0
4130,2023,3,2,1,0,0,0,1,0,0,0
4130,2024,3,2,1,0,0,0,1,0,0,0
4148,2025,3,3,0,0,0,0,0,0,2,0
4150,2021,1,1,1,1,0,0,0,0,0,0
4159,2022,2,2,1,0,0,0,0,0,1,0
4182,2017,3,2,2,0,0,0,1,0,0,0
4184,2021,3,3,0,0,0,0,0,0,0,0
4184,2022,3,3,0,0,0,0,0,0,0,0
4184,2026,1,1,1,0,0,0,0,0,0,0
4196,2024,1,1,0,0,0,0,0,0,0,0
4198,2025,1,1,0,0,0,0,0,0,1,0
4213,2025,6,5,3,1,0,1,1,0,0,0
4220,2026,3,3,0,0,0,0,0,0,1,0
4221,2026,6,6,3,0,0,1,0,0,0,0
4243,2019,2,2,0,0,0,0,0,0,0,0
4243,2022,2,1,1,0,0,0,1,0,0,0
4267,2025,1,1,0,0,0,0,0,0,0,0
4278,2023,2,2,1,0,0,0,0,0,0,0
4283,2021,1,1,0,0,0,0,0,0,0,0
4283,2022,1,1,1,0,0,0,0,0,0,0
4283,2023,2,1,1,0,0,1,1,0,0,0
4289,2022,3,2,1,0,0,0,1,0,1,0
4289,2023,3,3,2,0,0,0,0,0,1,0
4292,2023,3,3,3,1,0,0,0,0,0,0
4292,2024,3,2,0,0,0,0,1,0,2,0
4292,2025,3,3,2,0,0,1,0,0,0,0
4292,2026,3,3,0,0,0,0,0,0,1,0
4302,2017,1,1,0,0,0,0,0,0,1,0
4302,2019,4,4,0,0,0,0,0,0,2,0
4302,2021,5,3,0,0,0,0,2,0,2,0
4302,2023,1,1,1,0,0,0,0,0,0,0
4302,2025,1,1,0,0,0,0,0,0,1,0
4303,2021,1,1,0,0,0,0,0,0,0,0
4311,2023,2,2,0,0,0,0,0,0,0,0
4311,2024,3,3,0,0,0,0,0,0,0,0
4327,2017,1,0,0,0,0,0,1,0,0,0
4327,2019,1,1,0,0,0,0,0,0,1,0
4327,2020,1,1,0,0,0,0,0,0,0,0
4344,2017,3,3,1,0,0,0,0,0,0,0
4408,2019,1,1,0,0,0,0,0,0,1,0
4411,2024,1,1,0,0,0,0,0,0,0,0
4411,2025,1,0,0,0,0,0,1,0,0,0
4415,2026,1,1,0,0,0,0,0,0,0,0
4446,2025,2,1,0,0,0,0,0,0,0,1
4446,2026,1,1,0,0,0,0,0,0,0,0
4491,2022,1,1,0,0,0,0,0,0,0,0
4491,2025,1,1,0,0,0,0,0,0,0,0
4498,2026,2,2,1,0,0,0,0,0,0,0
4513,2019,3,3,0,0,0,0,0,0,2,0
4514,2017,2,1,0,0,0,0,0,0,1,1
4523,2022,2,2,0,0,0,0,0,0,0,0
4529,2018,2,2,1,0,0,0,0,0,0,0
4539,2025,1,1,0,0,0,0,0,0,0,0
4543,2017,3,3,1,0,0,0,0,0,1,0
4550,2018,1,1,0,0,0,0,0,0,0,0
4550,2023,2,1,0,0,0,0,1,0,1,0
4550,2024,1,1,1,0,0,1,0,0,0,0
4550,2025,2,1,0,0,0,0,1,0,1,0
4561,2017,5,5,2,0,0,0,0,0,1,0
4573,2025,2,2,2,1,0,0,0,0,0,0
4573,2026,4,4,2,0,0,0,0,0,0,0
4579,2021,2,1,0,0,0,0,1,0,0,0
4589,2025,4,4,1,0,0,0,0,0,0,0
4610,2019,3,2,0,0,0,0,1,0,1,0
4612,2017,1,0,0,0,0,0,1,0,0,0
4612,2018,1,1,0,0,0,0,0,0,0,0
4635,2019,1,0,0,0,0,0,0,0,0,1
4635,2021,2,1,0,0,0,0,1,0,1,0
4656,2023,3,3,0,0,0,0,0,0,0,0
4656,2024,3,2,0,0,0,0,1,0,1,0
4656,2025,1,1,1,1,0,0,0,0,0,0
4656,2026,1,1,0,0,0,0,0,0,0,0
4662,2025,3,2,1,0,0,0,1,0,0,0
4662,2026,3,3,2,0,0,1,0,0,0,0
4674,2025,3,2,1,0,0,0,1,0,0,0
4678,2019,1,1,0,0,0,0,0,0,0,0
4686,2026,1,1,0,0,0,0,0,0,0,0
4694,2020,2,1,1,0,0,0,1,0,0,0
4702,2021,1,0,0,0,0,0,1,0,0,0
4702,2023,1,0,0,0,0,0,1,0,0,0
4702,2024,1,1,0,0,0,0,0,0,0,0
4705,2021,4,4,2,0,0,0,0,0,0,0
4717,2020,3,2,1,0,0,0,1,0,0,0
4717,2022,3,3,2,1,0,0,0,0,1,0
4751,2023,2,2,1,0,0,1,0,0,0,0
4751,2026,1,1,0,0,0,0,0,0,0,0
4757,2019,2,1,0,0,0,0,1,0,0,0
4757,2021,3,3,1,0,0,0,0,0,1,0
4757,2023,3,3,1,0,0,0,0,0,2,0
4757,2024,6,5,3,1,0,0,1,0,1,0
4760,2021,1,1,0,0,0,0,0,0,0,0
4760,2022,3,3,1,0,0,0,0,0,0,0
4801,2017,2,2,0,0,0,0,0,0,0,0
4807,2024,1,0,0,0,0,0,1,0,0,0
4810,2017,1,1,1,0,0,0,0,0,0,0
4810,2018,1,1,0,0,0,0,0,0,1,0
4821,2022,2,2,1,0,0,0,0,0,0,0
4821,2025,2,2,0,0,0,0,0,0,0,0
4823,2019,1,1,1,1,0,0,0,0,0,0
4823,2021,1,1,1,0,0,0,0,0,0,0
4823,2022,2,2,0,0,0,0,0,0,0,0
4843,2025,1,0,0,0,0,0,1,0,0,0
4846,2026,1,1,1,0,0,0,0,0,0,0
4849,2024,2,2,1,0,0,0,0,0,0,0
4849,2025,2,2,0,0,0,0,0,0,2,0
4858,2021,2,2,0,0,0,0,0,0,0,0
4858,2023,1,0,0,0,0,0,1,0,0,0
4867,2023,1,1,0,0,0,0,0,0,0,0
4867,2025,1,1,0,0,0,0,0,0,0,0
4884,2022,1,1,0,0,0,0,0,0,0,0
4884,2023,1,1,0,0,0,0,0,0,0,0
4884,2024,2,2,0,0,0,0,0,0,0,0
4888,2021,2,1,0,0,0,0,1,0,0,0
4889,2025,1,1,1,1,0,0,0,0,0,0
4892,2021,1,1,1,0,0,0,0,0,0,0
4892,2022,1,1,0,0,0,0,0,0,0,0
4892,2026,1,1,1,0,0,1,0,0,0,0
4904,2023,1,1,0,0,0,0,0,0,1,0
4946,2017,2,2,1,1,0,0,0,0,0,0
4953,2026,1,1,0,0,0,0,0,0,0,0
4961,2018,3,2,1,0,0,0,1,0,1,0
4961,2019,3,3,2,1,0,1,0,0,0,0
4967,2025,1,1,0,0,0,0,0,0,0,0
4979,2023,2,2,0,0,0,0,0,0,2,0
4979,2026,3,3,1,0,0,0,0,0,0,0
4994,2017,1,1,0,0,0,0,0,0,0,0
5006,2023,1,1,0,0,0,0,0,0,1,0
5016,2022,8,7,1,1,0,0,1,0,1,0
5023,2018,1,1,0,0,0,0,0,0,0,0
5023,2019,1,1,0,0,0,0,0,0,1,0
5023,2025,3,1,0,0,0,0,1,0,0,1
5023,2026,1,0,0,0,0,0,1,0,0,0
5075,2022,1,1,0,0,0,0,0,0,0,0
5075,2024,1,1,1,0,0,0,0,0,0,0
5075,2025,1,1,0,0,0,0,0,0,0,0
5075,2026,2,2,1,0,0,0,0,0,0,0
5085,2024,1,1,1,0,0,0,0,0,0,0
5085,2025,1,1,0,0,0,0,0,0,1,0
5085,2026,1,1,0,0,0,0,0,0,0,0
5089,2019,1,1,0,0,0,0,0,0,0,0
5089,2020,2,2,0,0,0,0,0,0,0,0
5093,2017,2,1,0,0,0,0,1,0,1,0
5093,2021,1,1,0,0,0,0,0,0,0,0
5094,2019,1,1,1,1,0,0,0,0,0,0
5107,2021,2,1,0,0,0,0,1,0,0,0
5107,2022,4,4,0,0,0,0,0,0,2,0
5107,2023,2,2,1,0,0,0,0,0,1,0
5107,2024,3,2,1,0,0,0,1,0,0,0
5107,2025,2,2,1,0,0,0,0,0,0,0
5109,2017,3,2,0,0,0,0,1,0,0,0
5110,2024,1,1,0,0,0,0,0,0,0,0
5111,2024,2,2,1,0,0,0,0,0,0,0
5124,2026,2,2,1,0,0,0,0,0,0,0
5127,2023,1,1,0,0,0,0,0,0,0,0
5165,2021,2,2,1,0,0,0,0,0,1,0
5165,2023,3,3,1,0,0,0,0,0,2,0
5165,2024,6,5,1,0,0,0,1,0,1,0
5165,2025,3,3,2,0,0,1,0,0,1,0
5197,2023,1,1,0,0,0,0,0,0,0,0
5213,2021,2,1,0,0,0,0,1,0,0,0
5231,2024,2,1,0,0,0,0,1,0,0,0
5234,2019,1,0,0,0,0,0,1,0,0,0
5234,2021,1,1,1,0,0,0,0,0,0,0
5235,2023,3,3,0,0,0,0,0,0,0,0
5235,2024,3,3,0,0,0,0,0,0,1,0
5258,2017,2,2,0,0,0,0,0,0,0,0
5293,2021,1,1,0,0,0,0,0,0,0,0
5305,2025,1,1,0,0,0,0,0,0,0,0
5308,2026,1,1,0,0,0,0,0,0,0,0
5312,2022,4,2,0,0,0,0,2,0,0,0
5329,2018,1,1,0,0,0,0,0,0,1,0
5329,2021,1,1,1,0,0,0,0,0,0,0
5329,2024,1,1,0,0,0,0,0,0,0,0
5334,2025,3,3,1,0,0,1,0,0,1,0
5353,2021,6,6,2,0,0,0,0,0,1,0
5353,2022,3,3,0,0,0,0,0,0,0,0
5353,2023,1,1,1,0,0,0,0,0,0,0
5353,2024,6,5,2,1,0,0,0,0,1,1
5355,2024,3,3,0,0,0,0,0,0,1,0
5355,2025,3,3,0,0,0,0,0,0,0,0
5386,2024,1,1,1,0,0,1,0,0,0,0
5389,2021,1,1,1,0,0,1,0,0,0,0
5403,2022,3,3,1,0,0,0,0,0,1,0
5425,2023,1,0,0,0,0,0,1,0,0,0
5425,2025,1,1,1,1,0,0,0,0,0,0
5427,2019,2,2,0,0,0,0,0,0,0,0
5440,2023,3,2,2,1,0,0,1,0,0,0
5440,2024,1,1,0,0,0,0,0,0,0,0
5440,2025,1,1,0,0,0,0,0,0,0,0
5451,2023,3,3,0,0,0,0,0,0,1,0
5454,2021,2,2,0,0,0,0,0,0,0,0
5454,2023,1,1,0,0,0,0,0,0,0,0
5454,2025,3,3,1,0,0,0,0,0,1,0
5458,2017,2,2,1,0,0,0,0,0,0,0
5460,2022,3,3,2,0,0,1,0,0,0,0
5460,2024,1,1,0,0,0,0,0,0,0,0
5479,2017,1,1,0,0,0,0,0,0,0,0
5499,2022,1,1,0,0,0,0,0,0,0,0
5507,2018,1,1,0,0,0,0,0,0,0,0
5507,2019,1,0,0,0,0,0,1,0,0,0
5507,2023,1,1,0,0,0,0,0,0,1,0
5517,2026,3,2,0,0,0,0,1,0,0,0
5527,2018,2,2,1,0,0,0,0,0,0,0
5541,2019,1,0,0,0,0,0,1,0,0,0
5583,2024,1,1,1,0,0,0,0,0,0,0
5583,2025,1,1,0,0,0,0,0,0,1,0
5583,2026,2,2,1,0,0,0,0,0,0,0
5598,2026,2,2,1,0,0,0,0,0,0,0
5642,2024,4,4,0,0,0,0,0,0,1,0
5649,2018,2,1,1,0,0,0,1,0,0,0
5649,2019,1,1,0,0,0,0,0,0,0,0
5707,2017,2,2,0,0,0,0,0,0,0,0
5707,2019,6,6,0,0,0,0,0,0,1,0
5707,2021,2,1,0,0,0,0,1,0,0,0
5707,2023,2,2,0,0,0,0,0,0,1,0
5707,2025,1,1,0,0,0,0,0,0,0,0
5707,2026,3,3,1,0,0,0,0,0,0,0
5708,2026,3,2,1,0,0,1,1,0,0,0
5719,2023,1,1,0,0,0,0,0,0,1,0
5719,2025,2,2,0,0,0,0,0,0,0,0
5732,2023,3,2,0,0,0,0,1,0,0,0
5735,2021,2,2,1,0,0,1,0,0,0,0
5735,2022,1,1,0,0,0,0,0,0,0,0
5754,2020,4,1,0,0,0,0,3,0,0,0
5754,2021,3,2,0,0,0,0,1,0,0,0
5754,2026,4,4,0,0,0,0,0,0,0,0
5777,2018,4,3,1,0,0,0,1,0,0,0
5777,2019,6,5,2,0,0,0,0,0,0,1
5777,2021,3,2,1,0,0,0,1,0,0,0
5777,2022,4,3,2,2,0,0,1,0,0,0
5777,2024,1,1,0,0,0,0,0,0,0,0
5777,2025,2,2,1,0,0,0,0,0,1,0
5782,2017,1,1,0,0,0,0,0,0,0,0
5782,2018,2,2,0,0,0,0,0,0,0,0
5782,2023,1,1,1,0,0,0,0,0,0,0
5782,2024,1,1,0,0,0,0,0,0,0,0
5788,2019,3,3,1,1,0,0,0,0,1,0
5788,2024,1,0,0,0,0,0,0,1,0,0
5788,2026,3,2,1,0,0,0,0,0,0,1
5789,2022,3,3,0,0,0,0,0,0,1,0
5789,2023,3,3,1,0,0,0,0,0,0,0
5789,2026,3,3,0,0,0,0,0,0,1,0
5790,2023,1,1,0,0,0,0,0,0,0,0
5790,2025,4,3,2,0,0,0,1,0,1,0
5803,2023,1,0,0,0,0,0,0,1,0,0
5803,2024,3,2,1,0,0,1,1,0,0,0
5803,2025,5,5,2,0,0,0,0,0,2,0
5803,2026,1,1,0,0,0,0,0,0,0,0
5819,2019,2,2,1,0,0,0,0,0,0,0
5819,2021,1,0,0,0,0,0,1,0,0,0
5829,2026,1,1,1,0,1,0,0,0,0,0
5839,2024,1,1,0,0,0,0,0,0,0,0
5844,2024,1,0,0,0,0,0,1,0,0,0
5845,2023,3,3,0,0,0,0,0,0,1,0
5845,2024,3,3,2,0,0,0,0,0,0,0
5845,2025,3,3,0,0,0,0,0,0,0,0
5851,2021,6,6,2,0,0,0,0,0,1,0
5851,2023,3,3,1,1,0,0,0,0,1,0
5869,2021,6,6,0,0,0,0,0,0,3,0
5869,2022,5,4,2,0,0,0,1,0,1,0
5869,2023,8,6,3,0,0,1,2,0,2,0
5869,2024,9,7,1,1,0,0,2,0,0,0
5869,2025,6,5,2,1,0,0,1,0,1,0
5883,2017,1,0,0,0,0,0,1,0,0,0
5883,2024,2,2,0,0,0,0,0,0,1,0
5888,2025,1,1,1,0,0,0,0,0,0,0
5888,2026,1,1,0,0,0,0,0,0,0,0
5896,2021,2,2,2,0,0,0,0,0,0,0
5896,2022,1,1,0,0,0,0,0,0,0,0
5900,2021,5,4,1,0,0,0,1,0,2,0
5900,2022,3,3,1,0,0,0,0,0,1,0
5900,2023,1,1,0,0,0,0,0,0,1,0
5900,2025,3,2,0,0,0,0,0,0,1,1
5905,2019,1,1,1,0,0,0,0,0,0,0
5905,2024,1,1,0,0,0,0,0,0,0,0
5905,2025,1,1,0,0,0,0,0,0,0,0
5905,2026,1,1,0,0,0,0,0,0,0,0
5917,2023,6,5,1,1,0,0,1,0,1,0
5917,2024,3,3,2,0,0,0,0,0,0,0
5917,2025,2,2,2,1,0,0,0,0,0,0
5917,2026,3,3,0,0,0,0,0,0,0,0
5928,2024,1,1,1,0,0,0,0,0,0,0
5929,2024,1,1,0,0,0,0,0,0,0,0
5929,2025,3,2,1,0,0,0,1,0,0,0
5929,2026,3,3,2,0,0,0,0,0,1,0
5953,2021,2,1,0,0,0,0,1,0,0,0
5953,2023,4,4,2,0,0,1,0,0,0,0
5966,2021,1,1,0,0,0,0,0,0,1,0
5987,2026,2,2,0,0,0,0,0,0,0,0
5988,2022,1,1,0,0,0,0,0,0,0,0
5988,2023,1,1,0,0,0,0,0,0,0,0
5992,2025,1,1,0,0,0,0,0,0,0,0
5997,2018,1,1,0,0,0,0,0,0,0,0
5997,2022,1,1,0,0,0,0,0,0,0,0
6001,2026,2,1,0,0,0,0,1,0,0,0
6017,2022,2,1,0,0,0,0,1,0,1,0
6017,2023,3,3,1,0,0,0,0,0,1,0
6017,2024,2,0,0,0,0,0,0,1,0,1
6045,2025,1,1,0,0,0,0,0,0,1,0
6053,2022,2,2,0,0,0,0,0,0,0,0
6055,2021,2,2,0,0,0,0,0,0,0,0
6055,2022,6,6,1,0,0,0,0,0,1,0
6055,2023,6,5,0,0,0,0,1,0,1,0
6055,2024,3,3,0,0,0,0,0,0,1,0
6055,2025,11,9,2,0,0,0,2,0,1,0
6091,2023,3,3,1,0,0,0,0,0,0,0
6092,2022,1,1,0,0,0,0,0,0,0,0
6113,2017,2,1,0,0,0,0,1,0,0,0
6143,2020,1,1,0,0,0,0,0,0,1,0
6143,2021,2,2,2,0,0,0,0,0,0,0
6152,2023,1,1,0,0,0,0,0,0,1,0
6155,2023,3,3,0,0,0,0,0,0,0,0
6155,2026,6,6,0,0,0,0,0,0,4,0
6177,2021,2,2,1,1,0,0,0,0,0,0
6177,2022,1,1,0,0,0,0,0,0,0,0
6177,2023,2,2,0,0,0,0,0,0,0,0
6230,2024,3,3,1,0,0,1,0,0,0,0
6230,2026,2,1,0,0,0,0,1,0,0,0
6233,2022,3,3,1,1,0,0,0,0,0,0
6233,2023,2,2,1,0,0,1,0,0,0,0
6233,2025,3,3,0,0,0,0,0,0,1,0
6233,2026,5,5,0,0,0,0,0,0,1,0
6240,2023,1,0,0,0,0,0,1,0,0,0
6251,2022,2,2,0,0,0,0,0,0,0,0
6253,2023,1,1,1,0,0,0,0,0,0,0
6253,2024,2,2,2,1,0,0,0,0,0,0
6253,2026,1,1,0,0,0,0,0,0,1,0
6272,2024,1,0,0,0,0,0,0,0,0,1
6276,2025,1,1,0,0,0,0,0,0,0,0
6276,2026,1,1,0,0,0,0,0,0,0,0
6279,2020,3,3,1,0,0,0,0,0,0,0
6280,2017,1,1,0,0,0,0,0,0,0,0
6280,2018,1,1,1,0,0,0,0,0,0,0
6280,2019,2,2,1,1,0,0,0,0,0,0
6280,2022,1,1,1,0,0,0,0,0,0,0
6280,2023,2,1,0,0,0,0,1,0,0,0
6294,2025,2,2,2,0,0,1,0,0,0,0
6299,2024,1,1,0,0,0,0,0,0,0,0
6299,2025,1,1,0,0,0,0,0,0,0,0
6333,2025,2,1,0,0,0,0,1,0,0,0
6335,2024,1,1,1,0,0,0,0,0,0,0
6335,2025,1,1,0,0,0,0,0,0,0,0
6356,2017,2,2,0,0,0,0,0,0,1,0
6378,2021,5,5,2,0,0,1,0,0,2,0
6408,2023,3,3,0,0,0,0,0,0,2,0
6408,2025,2,2,0,0,0,0,0,0,0,0
6408,2026,3,3,1,0,0,0,0,0,0,0
6461,2017,1,1,0,0,0,0,0,0,0,0
6461,2018,3,3,2,1,0,0,0,0,0,0
6470,2026,1,1,1,0,0,0,0,0,0,0
6482,2019,1,1,0,0,0,0,0,0,0,0
6483,2018,1,1,0,0,0,0,0,0,0,0
6483,2024,6,6,1,0,0,0,0,0,2,0
6488,2023,1,1,0,0,0,0,0,0,1,0
6493,2020,1,1,0,0,0,0,0,0,0,0
6493,2021,4,3,1,0,0,0,1,0,0,0
6493,2022,3,3,0,0,0,0,0,0,0,0
6493,2023,1,0,0,0,0,0,0,1,0,0
6493,2025,1,1,0,0,0,0,0,0,0,0
6509,2022,3,3,3,1,0,0,0,0,0,0
6509,2023,4,4,2,0,0,1,0,0,0,0
6509,2024,3,3,0,0,0,0,0,0,0,0
6547,2023,1,1,1,0,0,0,0,0,0,0
6547,2025,1,0,0,0,0,0,1,0,0,0
6571,2021,3,2,0,0,0,0,1,0,2,0
6571,2022,4,3,1,0,0,0,0,1,1,0
6571,2023,3,3,1,0,0,0,0,0,0,0
6571,2024,2,2,1,1,0,0,0,0,0,0
6574,2025,5,5,1,0,0,0,0,0,0,0
6574,2026,3,3,2,1,0,1,0,0,0,0
6585,2020,3,3,1,0,0,0,0,0,1,0
6585,2021,2,2,0,0,0,0,0,0,0,0
6585,2024,7,7,3,1,0,0,0,0,2,0
6585,2025,3,3,0,0,0,0,0,0,1,0
6588,2017,3,2,1,0,0,0,1,0,0,0
6588,2019,3,3,0,0,0,0,0,0,0,0
6588,2021,1,1,1,0,0,0,0,0,0,0
6588,2022,1,0,0,0,0,0,1,0,0,0
6588,2023,3,3,3,0,0,0,0,0,0,0
6588,2026,3,2,1,0,0,0,0,0,0,1
6592,2019,1,0,0,0,0,0,1,0,0,0
6593,2026,1,1,0,0,0,0,0,0,1,0
6595,2024,3,2,0,0,0,0,1,0,0,0
6595,2025,6,5,2,1,0,0,1,0,1,0
6595,2026,2,1,0,0,0,0,0,0,0,1
6601,2022,1,1,0,0,0,0,0,0,1,0
6601,2023,2,2,0,0,0,0,0,0,0,0
6610,2026,3,2,0,0,0,0,1,0,0,0
6633,2021,1,0,0,0,0,0,1,0,0,0
6633,2025,1,1,0,0,0,0,0,0,0,0
6634,2019,1,1,1,0,0,0,0,0,0,0
6646,2021,5,5,2,1,0,0,0,0,0,0
6652,2024,4,4,1,1,0,0,0,0,0,0
6652,2025,3,3,1,0,0,1,0,0,0,0
6652,2026,6,6,0,0,0,0,0,0,2,0
6672,2021,2,1,0,0,0,0,0,0,0,1
6672,2022,3,3,2,2,0,0,0,0,0,0
6672,2023,3,2,1,1,0,0,1,0,1,0
6672,2024,3,3,1,0,0,0,0,0,0,0
6672,2025,3,3,0,0,0,0,0,0,0,0
6676,2021,3,2,0,0,0,0,1,0,0,0
6676,2022,3,2,0,0,0,0,1,0,0,0
6676,2023,3,2,0,0,0,0,1,0,0,0
6678,2023,3,3,3,0,0,0,0,0,0,0
6682,2019,3,3,0,0,0,0,0,0,1,0
6740,2026,2,2,1,1,0,0,0,0,0,0
6751,2024,3,3,1,0,0,0,0,0,0,0
6757,2019,2,1,0,0,0,0,1,0,0,0
6773,2025,5,4,3,0,0,0,1,0,1,0
6810,2021,6,5,0,0,0,0,1,0,1,0
6810,2023,2,1,0,0,0,0,1,0,0,0
6810,2026,4,3,2,1,0,1,1,0,0,0
6824,2022,3,3,0,0,0,0,0,0,1,0
6824,2023,4,4,3,1,0,1,0,0,0,0
6826,2021,6,6,0,0,0,0,0,0,2,0
6826,2023,4,2,2,1,0,0,1,1,0,0
6826,2024,3,2,0,0,0,0,1,0,0,0
6858,2022,1,1,0,0,0,0,0,0,0,0
6858,2023,2,1,0,0,0,0,0,1,1,0
6907,2021,2,2,2,0,0,1,0,0,0,0
6907,2022,1,0,0,0,0,0,1,0,0,0
6915,2022,1,1,0,0,0,0,0,0,1,0
6915,2023,2,2,1,0,0,0,0,0,0,0
6915,2024,2,2,0,0,0,0,0,0,1,0
6915,2025,1,1,0,0,0,0,0,0,0,0
6923,2022,3,1,1,1,0,0,2,0,0,0
6923,2025,3,3,0,0,0,0,0,0,1,0
6943,2024,1,1,0,0,0,0,0,0,1,0
6961,2023,2,2,0,0,0,0,0,0,1,0
6961,2024,1,1,0,0,0,0,0,0,0,0
6961,2025,3,3,0,0,0,0,0,0,0,0
6978,2023,2,2,0,0,0,0,0,0,0,0
7039,2022,1,1,0,0,0,0,0,0,1,0
7039,2023,1,1,1,1,0,0,0,0,0,0
7039,2026,2,1,0,0,0,0,0,1,1,0
7044,2026,1,0,0,0,0,0,1,0,0,0
7049,2021,1,1,0,0,0,0,0,0,0,0
7058,2021,3,1,1,1,0,0,2,0,0,0
7059,2020,1,1,0,0,0,0,0,0,0,0
7059,2025,1,1,0,0,0,0,0,0,0,0
7061,2018,1,1,1,0,1,0,0,0,0,0
7077,2026,3,3,3,1,0,0,0,0,0,0
7092,2021,2,2,0,0,0,0,0,0,2,0
7092,2022,3,3,1,0,0,0,0,0,0,0
7101,2019,1,0,0,0,0,0,1,0,0,0
7101,2021,2,2,0,0,0,0,0,0,0,0
7101,2024,1,0,0,0,0,0,0,0,0,1
7117,2024,2,2,0,0,0,0,0,0,1,0
7137,2018,1,1,0,0,0,0,0,0,0,0
7138,2022,1,1,0,0,0,0,0,0,0,0
7176,2021,3,3,0,0,0,0,0,0,1,0
7177,2025,1,0,0,0,0,0,1,0,0,0
7207,2022,2,1,0,0,0,0,1,0,0,0
7207,2024,1,1,0,0,0,0,0,0,0,0
7222,2021,1,1,0,0,0,0,0,0,0,0
7223,2023,1,1,1,0,0,0,0,0,0,0
7226,2026,3,3,0,0,0,0,0,0,0,0
7239,2019,2,2,1,1,0,0,0,0,0,0
7250,2021,3,3,0,0,0,0,0,0,0,0
7306,2019,7,7,2,1,0,1,0,0,2,0
7306,2021,11,11,4,2,0,0,0,0,2,0
7306,2022,3,3,1,0,0,0,0,0,0,0
7314,2026,1,1,0,0,0,0,0,0,0,0
7318,2023,3,3,2,1,0,0,0,0,1,0
7328,2025,3,3,1,0,0,0,0,0,0,0
7331,2018,1,1,0,0,0,0,0,0,0,0
7332,2017,2,2,0,0,0,0,0,0,1,0
7345,2019,1,1,0,0,0,0,0,0,0,0
7357,2026,6,6,1,0,0,0,0,0,0,0
7401,2021,1,1,0,0,0,0,0,0,0,0
7401,2022,1,1,1,0,0,0,0,0,0,0
7413,2025,6,6,3,1,0,0,0,0,0,0
7413,2026,7,5,0,0,0,0,2,0,2,0
7433,2025,3,3,1,0,0,0,0,0,0,0
7442,2023,1,0,0,0,0,0,1,0,0,0
7449,2022,3,3,0,0,0,0,0,0,1,0
7449,2023,3,3,3,0,0,0,0,0,0,0
7449,2026,3,3,2,0,0,0,0,0,0,0
7456,2017,3,3,2,1,0,0,0,0,0,0
7456,2019,3,3,1,0,0,0,0,0,0,0
7464,2023,5,5,2,0,0,0,0,0,2,0
7465,2024,3,3,0,0,0,0,0,0,0,0
7477,2026,1,0,0,0,0,0,1,0,0,0
7499,2024,3,2,1,0,0,0,1,0,0,0
7510,2017,3,2,0,0,0,0,1,0,1,0
7510,2023,1,1,0,0,0,0,0,0,0,0
7510,2024,2,2,1,0,0,0,0,0,0,0
7510,2025,1,1,1,0,0,0,0,0,0,0
7516,2022,1,1,0,0,0,0,0,0,0,0
7519,2024,1,1,0,0,0,0,0,0,0,0
7519,2025,1,1,0,0,0,0,0,0,0,0
7521,2020,6,6,2,0,0,0,0,0,1,0
7524,2018,1,1,0,0,0,0,0,0,1,0
7524,2021,1,0,0,0,0,0,1,0,0,0
7532,2017,2,2,1,0,0,0,0,0,1,0
7532,2021,3,2,0,0,0,0,1,0,2,0
7536,2020,1,1,0,0,0,0,0,0,0,0
7536,2023,1,1,0,0,0,0,0,0,1,0
7541,2017,1,1,1,0,0,0,0,0,0,0
7548,2026,3,3,1,0,0,1,0,0,1,0
7567,2025,3,3,2,0,0,0,0,0,1,0
7567,2026,3,3,2,0,0,1,0,0,0,0
7571,2026,1,1,0,0,0,0,0,0,1,0
7585,2026,5,5,2,1,0,0,0,0,2,0
7587,2026,1,1,1,0,0,0,0,0,0,0
7589,2026,1,1,0,0,0,0,0,0,0,0
7610,2026,1,0,0,0,0,0,1,0,0,0
7616,2026,1,0,0,0,0,0,1,0,0,0
7621,2026,1,1,0,0,0,0,0,0,1,0
7646,2026,1,0,0,0,0,0,1,0,0,0
7650,2026,3,3,0,0,0,0,0,0,2,0
7653,2026,9,8,2,0,0,0,0,0,1,1
7658,2026,2,1,0,0,0,0,0,0,0,1
7663,2026,2,2,1,1,0,0,0,0,0,0
7665,2026,1,1,0,0,0,0,0,0,0,0
7667,2026,1,1,1,0,0,0,0,0,0,0
7669,2026,1,1,0,0,0,0,0,0,0,0
7686,2026,1,1,1,1,0,0,0,0,0,0
7688,2026,2,2,0,0,0,0,0,0,0,0
7695,2026,3,1,0,0,0,0,2,0,1,0
7697,2026,2,2,1,0,0,0,0,0,0,0
7714,2026,1,1,0,0,0,0,0,0,0,0
7716,2026,3,3,1,0,0,0,0,0,1,0
7724,2026,1,1,0,0,0,0,0,0,0,0
7729,2026,1,1,1,0,0,0,0,0,0,0
7734,2026,1,1,0,0,0,0,0,0,0,0
7744,2026,3,3,1,0,0,1,0,0,1,0
7745,2026,2,2,0,0,0,0,0,0,0,0
7760,2026,5,5,1,0,0,0,0,0,0,0
7773,2026,3,2,1,0,0,0,1,0,0,0
7789,2026,1,1,1,1,0,0,0,0,0,0
7814,2026,2,2,0,0,0,0,0,0,1,0
7817,2026,2,2,0,0,0,0,0,0,1,0
7825,2024,1,1,0,0,0,0,0,0,0,0
7825,2025,3,3,0,0,0,0,0,0,0,0
7877,2021,6,5,0,0,0,0,1,0,0,0
7877,2022,12,11,4,0,0,0,1,0,1,0
7881,2017,2,2,1,0,0,0,0,0,0,0
7881,2021,15,11,1,0,0,0,3,0,0,1
7881,2022,3,2,0,0,0,0,1,0,0,0
7883,2025,3,3,1,0,0,0,0,0,1,0
7895,2023,1,1,1,0,0,0,0,0,0,0
7926,2018,1,1,0,0,0,0,0,0,0,0
7926,2023,1,1,0,0,0,0,0,0,0,0
7926,2024,4,4,2,0,0,0,0,0,0,0
7936,2020,1,1,0,0,0,0,0,0,0,0
7945,2026,1,1,0,0,0,0,0,0,0,0
7956,2026,1,1,0,0,0,0,0,0,0,0
7961,2022,1,1,0,0,0,0,0,0,0,0
7961,2023,1,0,0,0,0,0,1,0,0,0
7975,2026,1,1,0,0,0,0,0,0,1,0
7976,2022,1,1,0,0,0,0,0,0,0,0
7976,2023,2,2,2,0,0,0,0,0,0,0
7987,2019,1,1,0,0,0,0,0,0,0,0
7996,2019,1,1,0,0,0,0,0,0,0,0
8015,2023,3,3,2,0,0,0,0,0,0,0
8015,2024,3,3,0,0,0,0,0,0,2,0
8015,2025,6,5,2,1,0,0,1,0,0,0
8052,2017,1,1,0,0,0,0,0,0,0,0
8078,2022,1,0,0,0,0,0,1,0,0,0
8078,2023,1,1,0,0,0,0,0,0,0,0
8078,2024,1,1,1,0,0,0,0,0,0,0
8078,2026,1,1,0,0,0,0,0,0,1,0
8086,2024,3,3,1,0,0,0,0,0,1,0
8098,2022,1,1,0,0,0,0,0,0,1,0
8101,2025,3,3,1,0,0,0,0,0,0,0
8133,2023,3,3,0,0,0,0,0,0,0,0
8134,2026,1,0,0,0,0,0,1,0,0,0
8150,2025,2,1,0,0,0,0,1,0,1,0
8167,2022,1,0,0,0,0,0,1,0,0,0
8167,2024,1,1,0,0,0,0,0,0,0,0
8167,2025,2,2,1,0,0,0,0,0,0,0
8167,2026,2,2,0,0,0,0,0,0,0,0
8172,2023,1,1,0,0,0,0,0,0,0,0
8186,2022,1,1,0,0,0,0,0,0,0,0
8226,2023,1,1,0,0,0,0,0,0,1,0
8228,2020,1,1,0,0,0,0,0,0,0,0
8228,2021,3,2,1,0,0,0,1,0,0,0
8231,2024,3,3,0,0,0,0,0,0,0,0
8231,2025,2,2,1,0,0,0,0,0,0,0
8236,2022,1,1,0,0,0,0,0,0,1,0
8236,2023,1,0,0,0,0,0,0,1,0,0
8236,2024,2,2,0,0,0,0,0,0,1,0
8250,2018,1,1,1,0,0,1,0,0,0,0
8250,2019,2,1,0,0,0,0,0,0,0,1
8252,2025,3,2,0,0,0,0,1,0,0,0
8330,2023,4,4,0,0,0,0,0,0,0,0
8330,2026,1,1,1,1,0,0,0,0,0,0
8356,2017,5,3,0,0,0,0,2,0,3,0
8356,2019,3,3,2,0,0,0,0,0,0,0
8356,2023,1,1,0,0,0,0,0,0,1,0
8379,2026,1,1,0,0,0,0,0,0,0,0
8405,2026,5,3,0,0,0,0,1,1,0,0
8430,2019,3,2,0,0,0,0,1,0,1,0
8456,2021,3,1,0,0,0,0,2,0,0,0
8456,2022,3,2,0,0,0,0,1,0,0,0
8456,2026,3,2,1,0,0,0,0,1,1,0
8463,2022,1,1,0,0,0,0,0,0,0,0
8463,2023,1,1,0,0,0,0,0,0,0,0
8463,2025,1,1,1,0,0,0,0,0,0,0
8490,2023,2,2,0,0,0,0,0,0,1,0
8502,2023,3,3,0,0,0,0,0,0,0,0
8502,2025,3,3,0,0,0,0,0,0,0,0
8535,2023,2,1,0,0,0,0,1,0,0,0
8535,2025,2,2,0,0,0,0,0,0,1,0
8555,2024,3,3,2,0,0,0,0,0,0,0
8561,2026,1,0,0,0,0,0,1,0,0,0
8566,2019,1,1,0,0,0,0,0,0,0,0
8566,2020,1,1,0,0,0,0,0,0,1,0
8579,2017,1,1,0,0,0,0,0,0,0,0
8579,2019,1,1,0,0,0,0,0,0,0,0
8582,2024,1,1,0,0,0,0,0,0,0,0
8592,2019,3,3,0,0,0,0,0,0,0,0
8592,2020,2,2,1,1,0,0,0,0,0,0
8592,2021,1,1,0,0,0,0,0,0,1,0
8592,2024,1,1,1,0,0,0,0,0,0,0
8595,2022,2,2,2,0,0,0,0,0,0,0
8603,2022,1,1,1,0,0,0,0,0,0,0
8634,2025,3,3,1,1,0,0,0,0,0,0
8643,2023,1,1,1,0,0,0,0,0,0,0
8643,2025,1,1,0,0,0,0,0,0,1,0
8664,2023,1,1,1,0,0,0,0,0,0,0
8679,2018,3,3,0,0,0,0,0,0,0,0
8679,2019,1,1,0,0,0,0,0,0,0,0
8700,2021,1,1,0,0,0,0,0,0,0,0
8713,2024,3,3,1,0,0,0,0,0,0,0
8713,2025,3,3,1,0,0,0,0,0,1,0
8713,2026,1,1,0,0,0,0,0,0,1,0
8736,2024,2,2,1,0,0,0,0,0,0,0
8753,2025,3,3,0,0,0,0,0,0,0,0
8789,2019,6,6,3,1,0,0,0,0,1,0
8789,2020,5,5,1,0,0,0,0,0,2,0
8791,2021,1,1,0,0,0,0,0,0,0,0
8791,2023,1,1,1,1,0,0,0,0,0,0
8791,2025,1,1,0,0,0,0,0,0,0,0
8799,2021,3,3,0,0,0,0,0,0,1,0
8804,2021,1,1,1,0,0,0,0,0,0,0
8804,2024,2,2,0,0,0,0,0,0,0,0
8815,2024,1,1,0,0,0,0,0,0,1,0
8823,2017,6,5,1,1,0,0,1,0,1,0
8871,2022,2,2,1,0,0,1,0,0,0,0
8871,2023,3,3,0,0,0,0,0,0,1,0
8871,2024,2,2,0,0,0,0,0,0,0,0
8874,2020,1,1,1,0,0,0,0,0,0,0
8880,2019,1,0,0,0,0,0,1,0,0,0
8880,2021,3,2,0,0,0,0,1,0,0,0
8881,2021,1,1,0,0,0,0,0,0,0,0
8893,2023,1,1,0,0,0,0,0,0,0,0
8894,2022,2,2,0,0,0,0,0,0,0,0
8894,2023,1,1,0,0,0,0,0,0,0,0
8894,2024,2,2,1,0,0,0,0,0,0,0
8900,2026,3,2,1,0,0,1,1,0,0,0
8914,2017,3,3,0,0,0,0,0,0,1,0
8914,2018,3,3,2,0,0,0,0,0,0,0
8914,2019,3,3,0,0,0,0,0,0,1,0
8914,2020,6,6,3,2,0,0,0,0,1,0
8914,2021,5,4,2,0,0,1,1,0,1,0
8914,2022,6,6,1,0,0,0,0,0,2,0
8914,2023,3,3,2,0,0,0,0,0,1,0
8914,2024,3,2,2,0,0,1,1,0,0,0
8914,2026,3,3,1,0,0,0,0,0,0,0
8941,2026,6,6,1,0,0,0,0,0,1,0
8967,2021,3,3,1,1,0,0,0,0,1,0
8974,2025,1,1,0,0,0,0,0,0,0,0
8974,2026,3,3,1,1,0,0,0,0,0,0
8982,2019,1,1,1,1,0,0,0,0,0,0
8988,2018,1,1,0,0,0,0,0,0,1,0
8999,2023,2,1,0,0,0,0,1,0,0,0
8999,2025,3,3,0,0,0,0,0,0,0,0
9005,2021,1,0,0,0,0,0,0,1,0,0
9005,2022,2,1,0,0,0,0,1,0,0,0
9015,2026,1,1,1,0,0,0,0,0,0,0
9018,2019,1,0,0,0,0,0,1,0,0,0
9018,2024,1,1,0,0,0,0,0,0,0,0
9028,2026,4,4,2,0,0,0,0,0,0,0
9071,2021,1,1,1,0,0,1,0,0,0,0
9092,2021,8,6,1,1,0,0,2,0,1,0
9092,2022,9,8,3,2,0,0,1,0,0,0
9092,2023,7,4,1,0,0,0,3,0,1,0
9092,2024,9,9,1,1,0,0,0,0,4,0
9103,2021,3,2,0,0,0,0,1,0,0,0
9103,2022,3,3,1,0,0,1,0,0,0,0
9129,2017,2,2,0,0,0,0,0,0,2,0
9129,2018,1,1,0,0,0,0,0,0,0,0
9129,2019,3,2,1,0,0,1,1,0,0,0
9129,2026,3,2,0,0,0,0,1,0,0,0
9138,2021,1,1,0,0,0,0,0,0,0,0
9138,2024,2,2,1,0,0,0,0,0,0,0
9143,2018,3,3,0,0,0,0,0,0,1,0
9143,2019,6,6,0,0,0,0,0,0,3,0
9159,2022,2,1,0,0,0,0,1,0,0,0
9164,2026,1,1,0,0,0,0,0,0,0,0
9166,2025,2,2,1,0,0,0,0,0,0,0
9196,2021,2,2,0,0,0,0,0,0,0,0
9196,2022,1,1,1,0,0,0,0,0,0,0
9196,2023,2,1,0,0,0,0,0,0,0,1
9196,2024,2,2,2,0,0,0,0,0,0,0
9198,2018,3,3,1,0,0,0,0,0,0,0
9198,2019,9,7,3,0,0,1,2,0,1,0
9235,2022,2,2,0,0,0,0,0,0,1,0
9250,2017,1,1,0,0,0,0,0,0,1,0
9257,2021,3,3,2,0,1,0,0,0,0,0
9257,2023,3,3,0,0,0,0,0,0,0,0
9257,2025,3,3,1,0,0,0,0,0,0,0
9257,2026,6,5,1,0,0,0,1,0,1,0
9265,2022,1,0,0,0,0,0,1,0,0,0
9269,2021,2,2,1,0,0,0,0,0,0,0
9269,2024,3,3,2,0,0,0,0,0,0,0
9269,2025,3,3,0,0,0,0,0,0,1,0
9308,2021,1,1,0,0,0,0,0,0,0,0
9308,2026,1,0,0,0,0,0,1,0,0,0
9314,2021,1,1,1,0,0,0,0,0,0,0
9328,2024,1,1,1,1,0,0,0,0,0,0
9342,2019,1,1,0,0,0,0,0,0,0,0
9343,2019,1,0,0,0,0,0,1,0,0,0
9343,2023,1,1,0,0,0,0,0,0,0,0
9352,2018,3,2,1,1,0,0,1,0,1,0
9352,2019,2,1,0,0,0,0,1,0,0,0
9353,2022,2,2,0,0,0,0,0,0,0,0
9353,2026,1,0,0,0,0,0,1,0,0,0
9420,2019,3,3,0,0,0,0,0,0,0,0
9420,2021,18,16,6,4,0,1,2,0,2,0
9420,2022,4,3,1,0,0,0,1,0,0,0
9420,2026,5,5,2,0,0,1,0,0,0,0
9425,2024,3,3,0,0,0,0,0,0,0,0
9425,2025,3,3,1,0,0,0,0,0,0,0
9425,2026,3,2,0,0,0,0,0,1,0,0
9481,2021,1,1,1,0,0,0,0,0,0,0
9481,2024,1,1,0,0,0,0,0,0,1,0
9488,2017,3,3,2,0,0,0,0,0,1,0
9488,2018,1,1,0,0,0,0,0,0,1,0
9488,2019,1,1,0,0,0,0,0,0,0,0
9565,2026,1,1,1,0,0,0,0,0,0,0
9581,2021,2,2,1,0,0,0,0,0,1,0
9594,2022,1,1,0,0,0,0,0,0,0,0
9594,2023,1,1,0,0,0,0,0,0,1,0
9594,2024,2,1,0,0,0,0,1,0,0,0
9594,2026,1,1,1,0,0,0,0,0,0,0
9629,2021,1,1,0,0,0,0,0,0,0,0
9677,2020,3,2,0,0,0,0,1,0,0,0
9688,2017,2,2,1,0,0,0,0,0,1,0
9688,2022,1,1,0,0,0,0,0,0,0,0
9688,2023,1,1,0,0,0,0,0,0,1,0
9688,2024,2,2,0,0,0,0,0,0,1,0
9741,2019,1,1,1,0,0,0,0,0,0,0
9741,2021,1,1,0,0,0,0,0,0,1,0
9741,2022,1,1,0,0,0,0,0,0,0,0
9753,2025,5,5,1,0,0,0,0,0,0,0
9753,2026,3,3,2,1,0,0,0,0,0,0
9762,2018,3,3,1,0,0,0,0,0,0,0
9762,2019,3,3,1,0,0,0,0,0,2,0
9762,2023,3,3,1,0,0,1,0,0,1,0
9762,2024,2,2,1,0,0,0,0,0,0,0
9762,2025,5,4,0,0,0,0,1,0,1,0
9762,2026,3,3,0,0,0,0,0,0,2,0
9766,2026,1,1,1,0,0,0,0,0,0,0
9770,2019,3,3,2,0,0,1,0,0,0,0
9774,2019,9,7,4,0,0,0,2,0,2,0
9774,2021,10,10,3,1,0,0,0,0,2,0
9774,2022,1,1,1,0,0,0,0,0,0,0
9774,2023,3,2,0,0,0,0,1,0,1,0
9774,2025,3,3,1,1,0,0,0,0,1,0
9781,2017,1,1,0,0,0,0,0,0,0,0
9786,2023,9,9,2,1,0,0,0,0,3,0
9786,2024,3,3,1,0,0,0,0,0,0,0
9786,2026,2,2,0,0,0,0,0,0,1,0
9794,2021,2,2,0,0,0,0,0,0,0,0
9812,2018,1,1,1,0,0,0,0,0,0,0
9815,2025,1,1,1,0,0,0,0,0,0,0
9826,2024,2,1,0,0,0,0,1,0,0,0
9826,2025,2,1,0,0,0,0,1,0,0,0
9826,2026,1,1,0,0,0,0,0,0,1,0
9827,2018,1,1,0,0,0,0,0,0,0,0
9844,2018,1,1,0,0,0,0,0,0,1,0
9844,2019,2,2,0,0,0,0,0,0,1,0
9844,2023,1,1,0,0,0,0,0,0,0,0
9845,2026,3,3,1,0,0,0,0,0,1,0
9846,2022,3,2,2,1,0,0,1,0,0,0
9846,2025,5,5,2,1,0,0,0,0,1,0
9846,2026,9,9,3,1,0,0,0,0,1,0
9871,2026,1,1,0,0,0,0,0,0,0,0
9876,2020,4,4,1,0,0,0,0,0,1,0
9876,2021,5,3,1,0,0,0,2,0,0,0
9876,2022,1,1,0,0,0,0,0,0,0,0
9876,2023,2,2,1,1,0,0,0,0,1,0
9876,2026,1,1,1,0,0,0,0,0,0,0
9888,2023,1,1,1,0,0,0,0,0,0,0
9888,2024,1,1,0,0,0,0,0,0,0,0
9888,2026,2,2,1,0,0,0,0,0,1,0
9902,2019,1,1,0,0,0,0,0,0,1,0
9902,2021,1,1,0,0,0,0,0,0,0,0
9974,2024,1,1,0,0,0,0,0,0,0,0
9974,2025,2,2,1,0,0,0,0,0,0,0
9978,2021,1,1,1,0,0,0,0,0,0,0
9985,2026,2,2,1,0,0,0,0,0,1,0
9997,2026,1,1,0,0,0,0,0,0,0,0
10014,2018,1,1,1,0,0,0,0,0,0,0
10014,2021,1,0,0,0,0,0,1,0,0,0
10014,2023,1,1,0,0,0,0,0,0,0,0
10046,2025,1,1,0,0,0,0,0,0,0,0
10054,2023,3,2,0,0,0,0,1,0,0,0
10054,2024,3,3,1,0,0,0,0,0,0,0
10054,2025,6,6,0,0,0,0,0,0,4,0
10056,2017,1,1,0,0,0,0,0,0,0,0
10064,2020,3,2,0,0,0,0,1,0,1,0
10064,2021,5,5,0,0,0,0,0,0,1,0
10064,2022,2,2,1,0,0,1,0,0,0,0
10064,2023,3,2,2,0,0,1,0,1,0,0
10069,2019,12,11,3,1,0,2,1,0,4,0
10074,2025,1,0,0,0,0,0,1,0,0,0
10100,2025,1,1,0,0,0,0,0,0,0,0
10111,2017,2,1,1,1,0,0,1,0,0,0
10111,2018,2,2,1,0,0,0,0,0,1,0
10111,2019,3,3,2,1,1,0,0,0,0,0
10111,2021,6,6,2,0,0,0,0,0,1,0
10111,2022,3,2,0,0,0,0,1,0,0,0
10111,2023,3,2,0,0,0,0,0,0,0,1
10111,2024,3,3,1,0,0,0,0,0,0,0
10111,2025,3,2,1,0,0,1,1,0,0,0
10118,2019,2,2,0,0,0,0,0,0,0,0
10122,2019,3,3,2,1,0,0,0,0,0,0
10136,2017,1,1,0,0,0,0,0,0,0,0
10144,2023,3,3,1,0,0,0,0,0,0,0
10144,2024,3,3,1,0,0,0,0,0,0,0
10144,2025,3,3,0,0,0,0,0,0,1,0
10144,2026,3,3,0,0,0,0,0,0,0,0
10165,2020,3,3,0,0,0,0,0,0,0,0
10168,2022,3,3,0,0,0,0,0,0,1,0
10168,2024,2,2,1,0,0,0,0,0,1,0
10168,2025,1,1,0,0,0,0,0,0,0,0
10168,2026,1,1,1,0,0,0,0,0,0,0
10169,2026,1,1,1,0,0,0,0,0,0,0
10180,2021,2,2,1,0,0,0,0,0,0,0
10180,2023,1,0,0,0,0,0,1,0,0,0
10182,2021,4,4,1,0,0,0,0,0,1,0
10182,2022,3,3,0,0,0,0,0,0,0,0
10182,2023,6,4,2,1,0,0,2,0,0,0
10182,2024,6,6,0,0,0,0,0,0,2,0
10182,2026,7,5,1,0,0,0,2,0,0,0
10208,2022,1,0,0,0,0,0,0,1,0,0
10208,2024,2,2,1,1,0,0,0,0,0,0
10208,2025,1,1,0,0,0,0,0,0,0,0
10208,2026,1,1,1,1,0,0,0,0,0,0
10209,2017,2,2,0,0,0,0,0,0,1,0
10209,2019,2,2,0,0,0,0,0,0,0,0
10210,2021,1,1,0,0,0,0,0,0,0,0
10213,2023,1,1,1,0,0,0,0,0,0,0
10214,2018,3,3,0,0,0,0,0,0,0,0
10244,2021,1,1,1,0,0,0,0,0,0,0
10244,2023,1,1,1,0,0,1,0,0,0,0
10244,2025,1,1,1,0,0,0,0,0,0,0
10252,2017,1,1,0,0,0,0,0,0,0,0
10259,2021,3,3,1,1,0,0,0,0,1,0
10259,2022,2,1,1,0,0,0,1,0,0,0
10264,2021,2,0,0,0,0,0,2,0,0,0
10288,2026,2,1,1,0,0,1,1,0,0,0
10299,2025,6,5,0,0,0,0,1,0,4,0
10299,2026,9,8,2,0,0,0,1,0,1,0
10309,2022,5,5,2,0,0,0,0,0,0,0
10309,2023,1,1,1,1,0,0,0,0,0,0
10309,2024,6,6,2,0,0,0,0,0,2,0
10337,2022,3,3,1,0,0,0,0,0,1,0
10337,2023,1,1,0,0,0,0,0,0,1,0
10337,2024,1,1,0,0,0,0,0,0,1,0
10337,2025,1,0,0,0,0,0,1,0,0,0
10337,2026,2,2,1,0,0,0,0,0,1,0
10357,2025,3,3,1,1,0,0,0,0,0,0
10374,2024,3,3,1,0,0,0,0,0,0,0
10385,2018,1,0,0,0,0,0,1,0,0,0
10389,2019,2,2,0,0,0,0,0,0,1,0
10389,2020,1,1,0,0,0,0,0,0,0,0
10389,2021,2,2,0,0,0,0,0,0,2,0
10389,2024,1,1,1,0,0,0,0,0,0,0
10389,2026,2,2,0,0,0,0,0,0,1,0
10390,2019,1,0,0,0,0,0,1,0,0,0
10390,2024,1,1,1,0,0,1,0,0,0,0
10396,2021,1,1,0,0,0,0,0,0,0,0
10402,2026,1,1,1,1,0,0,0,0,0,0
10439,2025,2,2,1,0,0,0,0,0,1,0
10454,2026,1,1,0,0,0,0,0,0,1,0
10456,2025,3,3,0,0,0,0,0,0,0,0
10474,2022,3,3,0,0,0,0,0,0,2,0
10474,2024,3,2,1,0,0,0,1,0,0,0
10477,2021,2,2,0,0,0,0,0,0,2,0
10477,2022,1,1,0,0,0,0,0,0,1,0
10477,2023,1,1,0,0,0,0,0,0,1,0
10477,2024,1,1,0,0,0,0,0,0,1,0
10483,2025,1,1,0,0,0,0,0,0,0,0
10503,2019,1,1,1,1,0,0,0,0,0,0
10503,2021,2,2,2,0,0,1,0,0,0,0
10503,2022,2,2,0,0,0,0,0,0,0,0
10508,2019,1,1,0,0,0,0,0,0,0,0
10521,2022,1,1,0,0,0,0,0,0,0,0
10542,2023,1,1,0,0,0,0,0,0,0,0
10547,2017,5,5,1,1,0,0,0,0,0,0
10547,2018,3,3,0,0,0,0,0,0,0,0
10565,2020,5,4,3,0,0,1,1,0,0,0
10574,2017,1,1,0,0,0,0,0,0,0,0
10577,2026,1,1,1,0,0,0,0,0,0,0
10580,2024,2,2,1,0,0,0,0,0,0,0
10594,2023,3,3,1,0,0,0,0,0,0,0
10594,2026,2,2,1,0,0,0,0,0,1,0
10623,2024,1,1,0,0,0,0,0,0,0,0
10623,2026,1,1,1,0,0,0,0,0,0,0
10626,2022,3,2,0,0,0,0,1,0,1,0
10626,2024,3,3,1,0,0,0,0,0,0,0
10626,2025,3,2,0,0,0,0,0,1,0,0
10650,2017,2,2,0,0,0,0,0,0,0,0
10650,2019,3,2,1,0,0,0,1,0,0,0
10652,2024,3,3,2,0,0,1,0,0,0,0
10652,2025,3,3,1,0,0,0,0,0,0,0
10652,2026,2,2,0,0,0,0,0,0,1,0
10657,2017,1,1,1,0,0,0,0,0,0,0
10657,2018,2,1,1,1,0,0,1,0,0,0
10663,2021,3,3,0,0,0,0,0,0,0,0
10663,2023,3,3,1,0,0,0,0,0,0,0
10663,2024,6,6,1,0,0,0,0,0,0,0
10670,2024,2,2,0,0,0,0,0,0,2,0
10670,2025,1,1,1,0,0,0,0,0,0,0
10670,2026,1,1,1,0,0,0,0,0,0,0
10675,2021,2,2,1,0,0,0,0,0,0,0
10688,2022,3,3,0,0,0,0,0,0,1,0
10690,2025,3,3,1,0,0,0,0,0,1,0
10690,2026,3,3,1,1,0,0,0,0,1,0
10696,2018,3,1,0,0,0,0,2,0,1,0
10696,2021,1,1,0,0,0,0,0,0,0,0
10696,2024,1,1,1,0,0,0,0,0,0,0
10708,2017,2,0,0,0,0,0,2,0,0,0
10708,2019,3,3,1,0,0,0,0,0,2,0
10711,2024,2,2,0,0,0,0,0,0,1,0
10711,2025,1,1,1,0,0,0,0,0,0,0
10711,2026,1,1,1,0,0,0,0,0,0,0
10723,2021,1,1,1,1,0,0,0,0,0,0
10733,2021,1,1,0,0,0,0,0,0,1,0
10733,2022,2,2,0,0,0,0,0,0,0,0
10735,2019,2,2,1,0,0,0,0,0,0,0
10776,2023,2,2,0,0,0,0,0,0,1,0
10784,2021,3,3,0,0,0,0,0,0,0,0
10784,2024,1,1,0,0,0,0,0,0,0,0
10788,2022,1,1,0,0,0,0,0,0,0,0
10790,2018,6,6,0,0,0,0,0,0,3,0
10790,2023,3,2,1,1,0,0,1,0,1,0
10790,2024,3,3,1,1,0,0,0,0,0,0
10790,2025,3,3,3,0,0,2,0,0,0,0
10795,2024,1,1,1,0,0,1,0,0,0,0
10846,2019,1,1,0,0,0,0,0,0,0,0
10847,2023,2,2,2,0,0,0,0,0,0,0
10847,2024,5,4,1,0,0,0,1,0,0,0
10847,2025,6,6,1,0,0,0,0,0,0,0
10847,2026,6,5,1,0,0,0,1,0,0,0
10849,2020,3,1,0,0,0,0,2,0,1,0
10849,2024,3,3,0,0,0,0,0,0,0,0
10863,2021,1,1,1,1,0,0,0,0,0,0
10863,2022,1,0,0,0,0,0,1,0,0,0
10863,2024,1,0,0,0,0,0,1,0,0,0
10863,2025,3,1,1,0,0,0,1,1,0,0
10863,2026,1,1,0,0,0,0,0,0,1,0
10868,2022,1,0,0,0,0,0,1,0,0,0
10868,2025,2,2,1,1,0,0,0,0,0,0
10878,2018,2,2,2,1,0,0,0,0,0,0
10878,2019,3,3,0,0,0,0,0,0,1,0
10883,2023,1,1,0,0,0,0,0,0,1,0
10889,2023,2,2,2,1,0,0,0,0,0,0
10889,2025,1,0,0,0,0,0,1,0,0,0
10898,2024,6,6,1,1,0,0,0,0,0,0
10898,2025,3,3,2,0,0,1,0,0,1,0
10924,2020,1,0,0,0,0,0,1,0,0,0
10924,2025,5,4,1,1,0,0,1,0,0,0
10924,2026,2,2,0,0,0,0,0,0,0,0
10968,2024,2,2,0,0,0,0,0,0,1,0
10968,2025,1,1,0,0,0,0,0,0,0,0
10968,2026,2,1,1,0,0,0,1,0,0,0
10982,2021,2,0,0,0,0,0,2,0,0,0
10982,2022,1,1,0,0,0,0,0,0,0,0
10982,2024,1,1,0,0,0,0,0,0,0,0
10988,2021,1,1,0,0,0,0,0,0,1,0
10991,2022,2,1,1,1,0,0,1,0,0,0
10991,2023,1,1,0,0,0,0,0,0,0,0
10991,2024,3,3,1,0,0,0,0,0,1,0
11020,2023,1,1,1,0,0,1,0,0,0,0
11022,2023,1,1,0,0,0,0,0,0,1,0
11036,2025,2,1,0,0,0,0,1,0,0,0
11062,2019,1,1,0,0,0,0,0,0,0,0
11067,2020,1,0,0,0,0,0,1,0,0,0
11067,2026,3,3,0,0,0,0,0,0,2,0
11075,2023,2,2,0,0,0,0,0,0,0,0
11075,2024,3,3,0,0,0,0,0,0,1,0
11092,2023,3,3,1,0,0,1,0,0,0,0
11099,2022,1,1,0,0,0,0,0,0,0,0
11099,2024,1,1,0,0,0,0,0,0,0,0
11102,2019,3,2,0,0,0,0,1,0,0,0
11106,2022,2,1,1,0,0,0,1,0,0,0
11106,2023,1,0,0,0,0,0,1,0,0,0
11106,2026,2,1,0,0,0,0,1,0,0,0
11114,2024,2,2,0,0,0,0,0,0,0,0
11118,2021,5,4,0,0,0,0,0,0,1,1
11118,2022,6,5,1,0,0,0,1,0,0,0
11118,2023,3,3,1,0,0,0,0,0,0,0
11120,2023,3,3,2,0,0,0,0,0,1,0
11126,2025,1,1,0,0,0,0,0,0,1,0
11127,2017,2,1,0,0,0,0,1,0,0,0
11127,2019,3,2,0,0,0,0,1,0,1,0
11127,2023,4,4,0,0,0,0,0,0,1,0
11127,2024,3,3,1,0,0,0,0,0,1,0
11127,2025,1,0,0,0,0,0,0,1,0,0
11146,2024,6,6,2,0,0,0,0,0,0,0
11146,2026,1,1,0,0,0,0,0,0,0,0
11149,2019,3,3,1,0,0,1,0,0,0,0
11149,2021,1,0,0,0,0,0,1,0,0,0
11149,2022,3,3,0,0,0,0,0,0,0,0
11151,2021,3,3,1,0,0,0,0,0,0,0
11151,2024,3,3,1,0,0,0,0,0,1,0
11151,2026,3,2,0,0,0,0,1,0,1,0
11157,2021,1,1,0,0,0,0,0,0,0,0
11158,2025,3,3,2,0,0,0,0,0,1,0
11169,2020,1,1,0,0,0,0,0,0,0,0
11169,2021,4,4,0,0,0,0,0,0,1,0
11179,2023,1,1,1,0,0,0,0,0,0,0
11179,2026,4,4,0,0,0,0,0,0,1,0
11194,2025,1,1,0,0,0,0,0,0,0,0
11194,2026,1,1,1,0,0,0,0,0,0,0
11200,2022,1,1,0,0,0,0,0,0,1,0
11200,2023,1,1,0,0,0,0,0,0,0,0
11204,2017,1,1,0,0,0,0,0,0,1,0
11225,2022,3,3,1,0,0,0,0,0,1,0
11225,2023,3,3,2,1,0,1,0,0,0,0
11239,2021,5,4,2,1,0,0,1,0,0,0
11239,2022,6,6,2,0,0,0,0,0,0,0
11239,2024,3,3,2,0,0,0,0,0,0,0
11239,2026,3,3,2,0,0,0,0,0,0,0
11251,2019,9,9,1,0,0,0,0,0,2,0
11251,2020,4,4,1,0,0,0,0,0,0,0
11270,2021,3,1,0,0,0,0,1,0,0,1
11270,2022,4,3,1,1,0,0,1,0,1,0
11270,2024,3,3,1,0,0,0,0,0,0,0
11307,2025,1,1,0,0,0,0,0,0,1,0
11307,2026,2,2,1,0,0,0,0,0,1,0
11310,2019,1,1,1,0,0,0,0,0,0,0
11310,2021,4,3,0,0,0,0,1,0,1,0
11350,2024,1,1,0,0,0,0,0,0,0,0
11354,2021,1,1,0,0,0,0,0,0,1,0
11354,2022,4,3,1,0,0,0,1,0,0,0
11386,2021,1,0,0,0,0,0,1,0,0,0
11386,2022,1,1,0,0,0,0,0,0,1,0
11386,2025,1,1,0,0,0,0,0,0,1,0
11430,2022,1,1,1,0,0,0,0,0,0,0
11446,2024,1,1,1,0,0,0,0,0,0,0
11446,2025,1,1,0,0,0,0,0,0,0,0
11453,2025,1,1,0,0,0,0,0,0,0,0
11464,2018,2,2,0,0,0,0,0,0,1,0
11464,2022,1,1,0,0,0,0,0,0,0,0
11465,2019,2,1,0,0,0,0,1,0,0,0
11465,2020,1,1,1,0,0,0,0,0,0,0
11465,2022,3,2,0,0,0,0,1,0,0,0
11465,2024,1,1,0,0,0,0,0,0,1,0
11494,2022,1,1,0,0,0,0,0,0,0,0
11514,2026,6,5,2,0,0,0,1,0,0,0
11524,2020,1,1,1,0,0,0,0,0,0,0
11531,2017,1,1,0,0,0,0,0,0,0,0
11531,2024,3,2,0,0,0,0,1,0,1,0
11532,2023,1,1,1,0,0,0,0,0,0,0
11532,2025,1,1,1,1,0,0,0,0,0,0
11532,2026,3,2,1,0,0,0,1,0,0,0
11564,2022,2,0,0,0,0,0,2,0,0,0
11590,2019,1,1,0,0,0,0,0,0,1,0
11590,2024,1,1,1,0,0,0,0,0,0,0
11602,2019,1,1,0,0,0,0,0,0,1,0
11602,2021,1,1,0,0,0,0,0,0,0,0
11602,2022,7,6,4,1,0,0,1,0,2,0
11650,2019,3,2,1,0,0,0,1,0,0,0
11650,2023,2,1,1,0,0,0,1,0,0,0
11673,2023,1,1,0,0,0,0,0,0,0,0
11686,2019,3,3,1,0,0,0,0,0,0,0
11686,2021,3,3,0,0,0,0,0,0,1,0
11691,2026,1,1,0,0,0,0,0,0,0,0
11694,2021,6,5,1,0,0,1,1,0,1,0
11694,2023,2,2,1,0,0,0,0,0,0,0
11694,2026,1,1,1,0,0,0,0,0,0,0
11706,2021,2,2,0,0,0,0,0,0,1,0
11709,2022,4,3,3,1,0,0,1,0,0,0
11709,2024,3,2,0,0,0,0,1,0,1,0
11709,2025,4,4,0,0,0,0,0,0,1,0
11709,2026,3,3,1,0,0,0,0,0,0,0
11721,2020,3,3,1,0,0,0,0,0,0,0
11721,2021,3,2,0,0,0,0,0,1,0,0
11721,2022,2,0,0,0,0,0,0,1,0,1
11770,2025,1,1,0,0,0,0,0,0,0,0
11773,2017,2,2,1,0,0,0,0,0,1,0
11777,2026,1,0,0,0,0,0,1,0,0,0
11778,2023,4,3,1,0,0,0,1,0,1,0
11778,2024,2,2,1,0,0,1,0,0,0,0
11778,2025,1,0,0,0,0,0,1,0,0,0
11778,2026,5,5,1,0,0,0,0,0,1,0
11783,2025,1,1,0,0,0,0,0,0,1,0
11788,2025,3,2,0,0,0,0,1,0,0,0
11802,2025,1,1,1,0,0,0,0,0,0,0
11818,2022,3,2,1,0,0,0,1,0,0,0
11818,2023,2,2,1,1,0,0,0,0,0,0
11825,2025,1,1,1,0,0,0,0,0,0,0
11839,2017,2,2,1,0,0,0,0,0,1,0
11839,2018,1,1,0,0,0,0,0,0,0,0
11839,2022,1,1,0,0,0,0,0,0,0,0
11839,2023,1,1,0,0,0,0,0,0,1,0
11841,2017,2,2,1,0,0,0,0,0,0,0
11841,2019,3,2,1,1,0,0,1,0,0,0
11841,2025,3,3,1,0,0,0,0,0,0,0
11848,2020,1,1,1,0,0,0,0,0,0,0
11848,2026,1,0,0,0,0,0,1,0,0,0
11849,2022,3,3,0,0,0,0,0,0,0,0
11850,2022,2,2,0,0,0,0,0,0,1,0
11850,2026,1,1,0,0,0,0,0,0,0,0
11856,2024,1,1,0,0,0,0,0,0,0,0
11878,2021,2,2,0,0,0,0,0,0,0,0
11897,2024,1,1,0,0,0,0,0,0,0,0
11897,2025,1,1,0,0,0,0,0,0,0,0
11905,2017,2,2,0,0,0,0,0,0,1,0
11911,2022,7,6,1,0,0,0,1,0,3,0
11911,2023,1,1,1,1,0,0,0,0,0,0
11911,2024,1,1,0,0,0,0,0,0,1,0
11917,2022,5,4,3,1,0,1,1,0,0,0
11917,2024,6,4,0,0,0,0,2,0,1,0
11917,2025,3,2,1,0,0,0,1,0,0,0
11917,2026,3,2,1,1,0,0,1,0,0,0
11923,2021,1,1,0,0,0,0,0,0,0,0
11940,2020,1,1,1,0,0,0,0,0,0,0
11940,2026,1,1,0,0,0,0,0,0,0,0
11951,2024,2,2,1,1,0,0,0,0,0,0
11955,2023,4,4,0,0,0,0,0,0,2,0
11957,2019,5,5,2,0,0,1,0,0,1,0
11957,2020,1,0,0,0,0,0,1,0,0,0
11958,2026,1,1,1,0,0,0,0,0,0,0
11977,2023,2,2,0,0,0,0,0,0,2,0
11982,2023,4,3,0,0,0,0,1,0,1,0
11982,2025,1,1,1,0,0,0,0,0,0,0
12010,2025,2,2,0,0,0,0,0,0,0,0
12025,2023,1,1,1,1,0,0,0,0,0,0
12042,2023,1,0,0,0,0,0,1,0,0,0
12050,2025,7,7,3,0,0,0,0,0,1,0
12050,2026,3,3,2,0,0,1,0,0,0,0
12078,2021,5,5,1,0,0,1,0,0,1,0
12078,2022,5,5,1,0,0,0,0,0,0,0
12090,2025,2,2,0,0,0,0,0,0,0,0
12090,2026,3,3,1,0,0,0,0,0,0,0
12097,2024,3,3,0,0,0,0,0,0,1,0
12097,2025,2,2,1,0,0,0,0,0,1,0
12103,2024,1,1,0,0,0,0,0,0,0,0
12103,2025,2,2,0,0,0,0,0,0,2,0
12104,2024,3,3,1,0,0,0,0,0,1,0
12104,2025,3,3,0,0,0,0,0,0,1,0
12109,2020,2,2,1,0,0,0,0,0,0,0
12109,2022,3,3,1,0,0,0,0,0,0,0
12109,2023,1,1,0,0,0,0,0,0,0,0
12120,2024,1,1,0,0,0,0,0,0,0,0
12129,2022,2,2,0,0,0,0,0,0,1,0
12129,2024,4,4,2,0,0,0,0,0,1,0
12129,2025,3,3,0,0,0,0,0,0,2,0
12129,2026,3,3,0,0,0,0,0,0,0,0
12150,2021,2,2,0,0,0,0,0,0,2,0
12150,2022,8,6,1,0,0,0,2,0,2,0
12150,2023,6,5,1,0,0,1,1,0,0,0
12154,2021,1,1,1,0,0,0,0,0,0,0
12158,2023,3,3,0,0,0,0,0,0,0,0
12158,2025,1,0,0,0,0,0,0,0,0,1
12168,2023,2,2,0,0,0,0,0,0,0,0
12168,2024,1,0,0,0,0,0,1,0,0,0
12168,2026,2,2,1,0,0,0,0,0,0,0
12186,2021,7,6,3,0,0,0,1,0,1,0
12186,2025,2,2,1,0,0,1,0,0,0,0
12198,2023,1,1,0,0,0,0,0,0,1,0
12214,2025,3,3,3,1,0,1,0,0,0,0
12217,2021,3,3,1,0,0,0,0,0,0,0
12217,2022,1,1,0,0,0,0,0,0,0,0
12217,2023,6,6,4,1,0,1,0,0,0,0
12217,2025,3,3,2,0,0,0,0,0,0,0
12217,2026,2,2,0,0,0,0,0,0,1,0
12227,2022,3,3,2,0,0,0,0,0,0,0
12227,2024,1,0,0,0,0,0,1,0,0,0
12262,2026,1,1,0,0,0,0,0,0,0,0
12282,2019,1,1,0,0,0,0,0,0,0,0
12290,2026,3,3,2,0,0,0,0,0,1,0
12304,2023,1,1,0,0,0,0,0,0,0,0
12304,2025,4,4,1,0,0,0,0,0,1,0
12317,2023,3,2,1,1,0,0,0,1,1,0
12317,2024,6,6,3,2,0,0,0,0,0,0
12317,2025,4,4,2,0,0,0,0,0,0,0
12317,2026,3,3,1,0,0,0,0,0,0,0
12354,2018,3,3,1,0,0,0,0,0,0,0
12354,2026,1,1,0,0,0,0,0,0,0,0
12361,2017,2,2,0,0,0,0,0,0,0,0
12364,2023,1,1,1,0,0,0,0,0,0,0
12364,2024,3,2,0,0,0,0,0,1,1,0
12382,2021,1,0,0,0,0,0,1,0,0,0
12382,2025,1,1,1,0,0,0,0,0,0,0
12395,2023,1,1,1,0,0,0,0,0,0,0
12395,2025,2,1,0,0,0,0,0,1,0,0
12407,2022,3,3,0,0,0,0,0,0,1,0
12407,2023,2,2,0,0,0,0,0,0,1,0
12407,2024,2,1,0,0,0,0,1,0,0,0
12411,2023,1,1,0,0,0,0,0,0,0,0
12415,2023,2,2,1,1,0,0,0,0,1,0
12420,2025,1,1,0,0,0,0,0,0,1,0
12420,2026,1,1,1,0,0,0,0,0,0,0
12423,2024,3,2,0,0,0,0,1,0,0,0
12446,2022,1,0,0,0,0,0,1,0,0,0
12451,2019,1,1,0,0,0,0,0,0,1,0
12457,2025,1,1,1,0,0,1,0,0,0,0
12457,2026,1,1,0,0,0,0,0,0,0,0
12470,2024,2,2,1,0,0,0,0,0,1,0
12470,2025,6,5,2,0,0,0,1,0,1,0
12472,2023,1,1,1,0,0,0,0,0,0,0
12476,2017,1,1,1,0,0,0,0,0,0,0
12477,2022,5,5,1,1,0,0,0,0,1,0
12477,2026,3,3,0,0,0,0,0,0,2,0
12483,2018,1,1,1,0,0,0,0,0,0,0
12498,2024,6,6,1,1,0,0,0,0,2,0
12498,2026,6,5,1,0,0,1,1,0,1,0
12508,2017,1,1,1,0,1,0,0,0,0,0
12508,2018,1,1,0,0,0,0,0,0,0,0
12508,2019,1,1,0,0,0,0,0,0,0,0
12530,2020,2,1,0,0,0,0,1,0,0,0
12532,2019,1,1,1,1,0,0,0,0,0,0
12532,2021,1,0,0,0,0,0,1,0,0,0
12538,2025,1,1,0,0,0,0,0,0,0,0
12538,2026,3,3,1,0,0,0,0,0,1,0
12552,2019,4,2,0,0,0,0,2,0,0,0
12556,2025,3,3,0,0,0,0,0,0,0,0
12561,2018,1,1,0,0,0,0,0,0,0,0
12561,2025,4,3,0,0,0,0,1,0,0,0
12567,2024,1,1,0,0,0,0,0,0,0,0
12574,2025,5,4,3,1,0,0,1,0,0,0
12576,2017,2,2,1,0,0,0,0,0,0,0
12576,2019,3,3,1,0,0,0,0,0,0,0
12594,2026,6,5,4,0,0,1,1,0,0,0
12604,2024,1,1,0,0,0,0,0,0,0,0
12649,2025,2,2,0,0,0,0,0,0,1,0
12649,2026,1,1,1,0,0,1,0,0,0,0
12654,2024,1,1,0,0,0,0,0,0,0,0
12654,2025,1,1,0,0,0,0,0,0,0,0
12654,2026,1,1,0,0,0,0,0,0,1,0
12659,2021,3,3,1,0,0,0,0,0,1,0
12676,2021,1,1,0,0,0,0,0,0,0,0
12676,2026,1,1,1,0,0,0,0,0,0,0
